"before11_Kin_MinusATc"	"before11_Kin_PlusATc"	"before22_Kin_MinusATc"	"before22_Kin_PlusATc"	"FACS11_Kin_MinusATc_high"	"FACS11_Kin_MinusATc_low"	"FACS11_Kin_PlusATc_high"	"FACS11_Kin_PlusATc_low"	"FACS22_Kin_MinusATc_high"	"FACS22_Kin_MinusATc_low"	"FACS22_Kin_PlusATc_high"	"FACS22_Kin_PlusATc_low"	"Thirty11_Kin_MinusATc"	"Thirty11_Kin_PlusATc"	"Thirty22_Kin_MinusATc"	"Thirty22_Kin_PlusATc"
"single_kinases:CBK1:-295:template-Act-TTGCCGGAG"	1452	2029	2577	2897	2678	2315	2972	2606	2209	2818	2389	2377	2510	3685	3319	5791
"single_kinases:CBK1:-300:template-Act-GAGAGGCCG"	4182	5276	7522	8257	6554	6234	6163	5475	5162	7519	6424	5141	5954	6779	8083	12461
"single_kinases:CBK1:-311:template-Act-GGGTGGGAG"	1209	1851	2353	2039	1765	2270	2022	1953	1394	2288	2354	1924	1698	2021	2745	3835
"single_kinases:CBK1:240:nontemplate-Act-CGGTTTGTG"	1229	197	794	374	355	535	15	167	241	535	34	31	1570	3	559	1
"single_kinases:CBK1:-136:template-Rep-GGCGAAAGG"	407	388	475	357	116	312	318	256	227	285	410	182	232	105	314	135
"single_kinases:CBK1:97:nontemplate-Rep-TCCACCGAG"	46	49	61	28	12	21	83	18	0	11	76	40	79	38	71	12
"single_kinases:DBF2:170:nontemplate-Act-TCGGGGTGC"	1890	1961	3217	2433	2548	2356	3001	1544	3047	3172	3214	1605	3114	1740	2914	2042
"single_kinases:DBF2:37:template-Rep-CACGGTTCG"	1063	1106	1517	1068	345	921	325	1413	714	1084	271	1277	895	720	1003	676
"single_kinases:DBF2:82:nontemplate-Rep-CGCGACTCC"	1731	1739	2364	1707	1129	1873	1788	1787	1656	1902	1985	1392	1771	1351	2534	2049
"single_kinases:DBF20:-273:template-Act-ATGTTGGGC"	1045	1265	1727	1511	707	977	963	948	853	1313	915	896	1369	858	1100	1576
"single_kinases:DBF20:158:nontemplate-Act-TCACGTGGC"	923	667	1056	776	520	1127	631	1393	507	960	763	1625	858	280	1378	376
"single_kinases:DBF20:-5:template-Rep-GCCACAATG"	631	668	906	800	313	568	319	753	381	552	280	586	414	454	669	438
"single_kinases:DBF20:52:nontemplate-Rep-AACAGGGGC"	678	989	1249	1551	738	990	1052	861	426	1059	765	984	1332	1433	1049	1895
"single_kinases:FPK1:-204:template-Act-CGGTACACG"	2402	2522	3364	2828	1093	1995	1453	2205	1366	2533	2248	3019	1868	1498	2031	1923
"single_kinases:FPK1:-236:template-Act-TTGCGACCG"	1257	1315	2121	1834	1168	1771	1719	1479	1470	1935	1696	2272	1404	837	1840	1197
"single_kinases:FPK1:179:nontemplate-Act-ATAGCCCGG"	1491	1017	2058	1045	580	1357	292	341	966	1189	878	475	962	51	1728	59
"single_kinases:FPK1:-69:template-Rep-GGGCTGCTG"	695	580	1096	696	621	563	895	331	844	613	864	352	694	221	874	337
"single_kinases:FPK1:58:nontemplate-Rep-TTGCCATGC"	464	389	585	476	252	302	381	279	167	516	143	243	398	80	666	313
"single_kinases:KIN82:-136:template-Act-CGCCTGTAC"	1748	2189	2410	2323	1395	2113	2813	2237	1498	2425	2620	2407	2170	2816	2877	3676
"single_kinases:KIN82:-193:template-Act-CCCGTTGAC"	1423	2026	2111	2600	1458	1842	2218	1557	1751	1713	2398	1657	1919	2988	1649	3969
"single_kinases:KIN82:161:nontemplate-Act-GACCGGACC"	1092	1011	1629	1108	840	1006	732	955	790	984	1054	1093	1103	520	1127	580
"single_kinases:KIN82:-35:template-Rep-GGCCCCTAC"	2739	2866	3888	3689	2145	2804	2271	3368	2127	2791	2325	2908	2954	2456	3499	3786
"single_kinases:KIN82:43:nontemplate-Rep-CATTTGGGG"	1729	2138	2630	2440	1056	1775	1632	1504	1254	1715	2192	1578	2253	1984	2362	2436
"single_kinases:PKC1:-379:template-Act-GATAGCGCG"	394	338	585	450	467	499	522	48	413	454	558	218	710	58	462	72
"single_kinases:PKC1:466:nontemplate-Act-CGAACGTGG"	2008	2188	2676	2344	1327	1789	2127	2204	1334	1863	2102	2538	1801	2627	2793	2641
"single_kinases:PKC1:-263:template-Rep-TCCCTGGGC"	915	743	1510	958	670	917	1192	543	404	1066	729	904	931	281	1289	505
"single_kinases:PKC1:195:nontemplate-Rep-TCCAGCGGC"	1725	2197	2578	2344	997	2208	2026	2289	1081	1668	1802	2124	1962	1900	2593	2226
"single_kinases:PKH1:-161:template-Act-TTCGCCCAG"	2448	3178	3890	3392	1704	3175	3038	3187	1701	2776	3234	3165	3448	4328	3692	4917
"single_kinases:PKH1:-177:template-Act-GTGGCCATG"	1079	336	1551	288	484	941	489	286	753	929	966	364	940	20	938	9
"single_kinases:PKH1:-194:template-Act-GCAGCGAGG"	567	674	863	676	413	593	592	779	249	716	770	886	765	545	667	601
"single_kinases:PKH1:204:nontemplate-Act-ACGCGGTTG"	1680	1666	2310	2014	1120	1927	1704	1170	1559	2073	1602	1113	1867	1263	1733	1717
"single_kinases:PKH1:-82:template-Rep-GCCTACCCG"	714	817	1038	897	575	790	1102	704	508	882	1617	772	1017	712	762	1426
"single_kinases:PKH1:-29:nontemplate-Rep-ACCCTCCCG"	715	847	1216	1407	868	1478	1989	944	907	1843	1377	1054	1157	1082	1483	2024
"single_kinases:PKH2:-333:template-Act-CAACGGAGG"	1702	1934	2309	1927	738	1328	1052	1462	620	1261	1448	1301	1180	1515	1394	1428
"single_kinases:PKH2:-418:template-Act-GACAGCTCG"	214	233	293	247	86	135	167	125	62	157	149	187	157	303	111	312
"single_kinases:PKH2:-426:template-Act-AATCCACCC"	2910	3286	3792	4107	2356	3229	4010	3245	1881	3506	4122	3813	3714	4566	3755	4934
"single_kinases:PKH2:431:nontemplate-Act-CAAGAAGGC"	3481	3368	5436	4107	4063	3711	6173	3617	5589	3900	7684	3555	4602	2775	4435	4520
"single_kinases:PKH2:-232:template-Rep-TGGGCATGG"	4332	4377	5193	3840	2227	3809	5597	3189	3221	4104	6239	3882	4613	3296	5072	3437
"single_kinases:PKH2:268:nontemplate-Rep-TGGCGGTTC"	607	580	642	481	320	478	632	681	196	420	681	390	722	491	634	484
"single_kinases:PKH3:-175:template-Act-GACTTGGGG"	753	752	1197	925	619	698	383	790	518	656	457	1045	999	199	974	305
"single_kinases:PKH3:-186:template-Act-CTCACGACG"	2553	3279	4412	4349	2731	4230	2320	2606	2810	3751	2597	2589	3708	4466	4566	6863
"single_kinases:PKH3:-197:template-Act-GGATTCGGG"	3308	3983	4923	4823	3448	4976	4973	4812	3644	4730	4880	4590	4952	6321	5889	8016
"single_kinases:PKH3:205:nontemplate-Act-CGTGAACCC"	673	809	890	992	429	585	684	738	296	593	621	539	934	718	616	1225
"single_kinases:PKH3:-126:template-Rep-GCAGGGATC"	3452	3580	5345	4536	2748	4319	5006	2566	3494	2986	4705	2880	4545	4178	5423	4116
"single_kinases:PKH3:98:nontemplate-Rep-CCCTCAGTG"	1245	1294	1743	1569	1126	1193	889	1663	687	1193	982	1446	1547	1341	1522	2054
"single_kinases:RIM15:-107:template-Act-CGAGGCCTC"	3192	4633	5201	5326	2742	5512	1206	11275	2815	5009	1583	16168	4917	7058	5455	7048
"single_kinases:RIM15:-111:template-Act-CCCGCATTC"	3761	4501	5573	5682	3007	5814	1700	9261	3850	5004	2301	10668	5239	7107	5645	8180
"single_kinases:RIM15:-117:template-Act-CATGCCGAG"	1329	1622	1774	1827	852	1208	921	1559	834	1313	871	2250	1327	2155	1221	2393
"single_kinases:RIM15:130:nontemplate-Act-CCTAGGCCG"	2280	2795	3621	3451	1486	2815	2331	3431	1479	2561	2614	4251	2978	4208	3201	4805
"single_kinases:RIM15:-7:template-Rep-ATGGTGGGC"	1650	1657	2088	1626	536	1305	576	1917	575	1323	747	3490	1403	1241	1922	1564
"single_kinases:RIM15:41:nontemplate-Rep-GTGTCGTGG"	751	852	823	792	302	455	181	916	411	741	435	1144	564	592	879	550
"single_kinases:SCH9:-564:template-Act-GTCAGCACG"	496	407	799	429	465	577	454	901	588	529	4106	142	930	101	869	166
"single_kinases:SCH9:-573:template-Act-CCCCAGAGG"	501	605	865	661	617	671	777	1207	303	482	1717	555	604	576	1125	886
"single_kinases:SCH9:-611:template-Act-CATGACGCC"	1028	931	1262	895	707	1096	1051	1798	977	967	2206	1559	881	675	937	908
"single_kinases:SCH9:609:nontemplate-Act-ACGCGTTTC"	3802	3197	5455	3498	2591	4460	2809	4362	2862	4176	6288	2988	4973	1390	5729	1404
"single_kinases:SCH9:-402:template-Rep-CATGCGTCC"	1537	1496	1919	1691	853	1210	1261	1636	687	1371	2405	1803	1486	863	1834	1303
"single_kinases:SCH9:411:nontemplate-Rep-GGCCTTTTG"	2341	2528	3655	2629	1764	2843	3350	3027	1466	2943	6652	2148	2960	1412	3063	2028
"single_kinases:TPK1:-310:template-Act-TCGACCCTG"	2391	2842	4438	4498	3765	3719	3297	2302	3284	3111	4102	1213	3090	1786	4397	4396
"single_kinases:TPK1:-316:template-Act-CCAGCCCTC"	1715	1928	2758	2774	1915	2500	2607	744	1897	2520	3946	643	1778	2052	2594	2858
"single_kinases:TPK1:-320:template-Act-GCCACTCAG"	280	73	415	100	369	252	124	39	578	203	270	102	164	0	257	1
"single_kinases:TPK1:423:nontemplate-Act-GGCAGGTTG"	619	666	903	805	444	554	766	705	250	590	509	254	655	580	841	804
"single_kinases:TPK1:-229:template-Rep-GAGCAACCC"	1051	944	1230	981	453	1182	1151	730	707	1221	1697	430	1075	846	1037	1250
"single_kinases:TPK1:174:nontemplate-Rep-AACTGGGCG"	342	355	427	276	68	211	221	186	121	296	209	86	254	181	232	132
"single_kinases:TPK2:-257:template-Act-CAGGTGGTC"	377	450	708	621	232	465	228	571	168	290	319	857	352	519	533	536
"single_kinases:TPK2:-269:template-Act-CCGTGATTC"	2337	2032	3471	2026	1782	4124	1558	2133	1974	3270	1454	3038	2551	750	4024	881
"single_kinases:TPK2:-274:template-Act-CGAGGCTAG"	349	336	493	583	310	355	267	271	342	419	221	503	328	126	370	323
"single_kinases:TPK2:265:nontemplate-Act-CTTGAGCCG"	441	409	670	321	186	603	243	531	139	431	282	789	377	138	404	128
"single_kinases:TPK2:-178:template-Rep-TACAGGCCG"	2093	2053	2962	2012	1045	1961	1490	3041	1368	1722	981	5157	1962	1577	2137	1479
"single_kinases:TPK2:178:nontemplate-Rep-GATCAGGCC"	2226	2723	3432	3146	2687	3282	3413	2521	1724	2611	2132	3284	2591	3637	3605	4227
"single_kinases:TPK3:-276:template-Act-TGGCCCGTC"	4646	5603	6938	6824	3605	7003	6467	7623	3985	5083	6956	4128	6339	7005	6908	11002
"single_kinases:TPK3:-305:template-Act-ATGGCAAGG"	3936	4868	5716	7098	4276	4973	4830	3988	4088	5240	7222	2645	6192	5175	6331	8784
"single_kinases:TPK3:-351:template-Act-CACTTTCCG"	6009	7115	9964	10715	6628	7290	9429	4952	6365	8756	11120	2722	8247	7472	10916	10528
"single_kinases:TPK3:295:nontemplate-Act-CTGACCGTG"	3691	4672	5031	5221	2980	3829	5322	3858	2939	3936	5737	2434	5137	5410	5223	8190
"single_kinases:TPK3:-164:template-Rep-CAGAGACCG"	2624	2724	3616	2954	2044	3278	3485	2838	2072	3174	4654	1704	3655	2114	3331	3626
"single_kinases:TPK3:208:nontemplate-Rep-CCCAGACTG"	632	644	897	650	232	663	637	403	399	477	771	403	678	457	685	556
"single_kinases:YPK3:-147:template-Act-ATGGGGGTG"	146	88	196	86	83	128	100	65	54	86	110	73	134	59	199	32
"single_kinases:YPK3:-194:template-Act-CACTCGGCC"	778	945	1208	1010	550	1000	982	1056	384	958	1159	1003	646	715	1109	793
"single_kinases:YPK3:282:nontemplate-Act-GTGCCGCTG"	42	52	61	30	18	15	29	39	25	9	39	36	64	6	45	38
"single_kinases:YPK3:-11:template-Rep-CGCGTGGAC"	1820	2110	2661	3012	2019	2617	2855	2408	1907	2052	1912	2613	2429	2815	3353	3126
"single_kinases:YPK3:36:nontemplate-Rep-CTGCGCTCC"	1084	1101	1686	1509	871	1423	1003	1079	924	1327	944	1127	1283	1505	1087	1747
"single_kinases:YPK1:-286:template-Act-ACGTTGTGG"	5615	6693	8577	9175	6354	9456	13143	6471	5679	9393	9661	8687	8030	5226	10313	7890
"single_kinases:YPK1:-384:template-Act-TCCGCTCAC"	4503	4672	5999	4912	2379	4544	5186	3210	2743	4120	5761	3154	4441	4065	5771	4187
"single_kinases:YPK1:423:nontemplate-Act-TCCTCTGCG"	932	1104	1243	1113	352	910	776	720	605	1032	970	882	732	864	1139	1592
"single_kinases:YPK1:-203:template-Rep-CTTCCTGGG"	883	1022	1261	1353	830	766	1265	570	707	1116	1789	718	1151	1362	1000	1993
"single_kinases:YPK1:210:nontemplate-Rep-CCTGTAGCC"	2981	3180	4578	4609	2889	4518	4313	2722	2886	4066	3789	2935	3507	2097	3917	3188
"single_kinases:YPK2:-251:template-Act-GCAATGCTC"	1602	1911	2383	1882	1032	1627	1109	1676	924	1538	1447	1742	1552	1324	1451	1668
"single_kinases:YPK2:174:nontemplate-Act-CGGGTAGAC"	664	821	1112	904	471	998	731	1039	668	844	623	906	779	923	1186	850
"single_kinases:YPK2:-37:template-Rep-AGGAGGATG"	987	1010	1271	1117	471	1082	815	587	498	700	730	558	1001	1211	1197	1359
"single_kinases:YPK2:71:nontemplate-Rep-TGGCTCTTG"	391	508	661	661	218	345	312	592	154	496	528	261	342	411	530	487
"single_kinases:COQ8:-147:template-Act-GAGACGACG"	813	831	1264	1225	603	1118	927	1144	373	1043	1378	736	1062	1213	1442	2033
"single_kinases:COQ8:-204:template-Act-TGTCGACCG"	757	911	928	867	424	692	809	611	499	638	780	593	495	1019	859	1162
"single_kinases:COQ8:-275:template-Act-TGGGACGCG"	1142	1148	1543	1283	574	1076	869	959	994	1069	834	835	1353	971	1249	1383
"single_kinases:COQ8:152:nontemplate-Act-CGAACTCCG"	155	171	302	161	113	64	118	118	128	107	56	82	184	103	311	101
"single_kinases:COQ8:-40:template-Rep-AACGGCAAC"	5652	6723	7650	8673	5108	8300	7778	6533	5106	7221	7782	8163	7470	9316	9436	14531
"single_kinases:COQ8:46:nontemplate-Rep-GGGACCCAC"	2142	2460	3235	3204	1594	2190	2043	2734	1710	2806	2679	2453	2738	2836	2968	3923
"single_kinases:MEC1:-135:template-Act-CTGTCTCGG"	591	622	683	488	131	257	204	402	118	346	88	86	410	84	500	63
"single_kinases:MEC1:-235:template-Act-TCAGGTCCG"	0	0	0	0	0	0	0	0	0	0	0	0	0	0	0	0
"single_kinases:MEC1:156:nontemplate-Act-ATGCCTGGC"	1492	1629	2010	1513	638	1390	921	1619	1023	1506	914	1317	1518	992	1654	1352
"single_kinases:MEC1:-13:template-Rep-AGGCGCTAC"	1129	1321	1720	1897	1410	1230	1689	1370	1233	1688	1266	1639	1323	2310	1972	4055
"single_kinases:MEC1:24:nontemplate-Rep-GAATTGGCG"	3636	4340	5244	5904	3723	5009	5870	4635	4054	4771	6270	4626	4525	6836	6924	10605
"single_kinases:PKP1:-163:template-Act-AGTCCCCGC"	1236	1320	1599	1297	678	997	903	1628	678	1582	1286	1396	1230	612	1497	645
"single_kinases:PKP1:-172:template-Act-CCCTCGCTC"	539	545	724	619	263	370	354	395	415	496	623	376	648	315	545	246
"single_kinases:PKP1:-179:template-Act-GGCACCAGG"	0	0	0	0	0	0	0	0	0	0	0	0	0	0	0	0
"single_kinases:PKP1:138:nontemplate-Act-CTGCATCGG"	377	393	640	639	478	273	372	298	133	570	400	431	399	394	504	350
"single_kinases:PKP1:-32:template-Rep-CGTCCCGTC"	2469	2781	4259	3635	2237	3163	3338	2168	2463	3316	2960	2342	3442	2726	3881	4152
"single_kinases:PKP1:42:nontemplate-Rep-CTAAGGCGG"	2968	3558	4505	4571	2541	3438	4078	2598	3223	3104	2828	2923	4215	3907	4127	7691
"single_kinases:PKP2:-101:template-Act-AGGACGGCC"	3714	3745	5342	5528	3630	4436	3782	5426	3986	4402	3329	3579	5425	3298	5437	5865
"single_kinases:PKP2:-166:template-Act-CAAGTCGCG"	230	197	279	170	70	217	219	207	48	154	178	301	106	159	94	126
"single_kinases:PKP2:145:nontemplate-Act-GCCCTAGGC"	1570	1497	2032	1160	569	1178	323	3772	752	1209	560	4016	1372	518	1517	416
"single_kinases:PKP2:-18:template-Rep-AGTGCCCCG"	3951	4420	6022	5548	3215	4718	4953	4520	2375	4189	4890	4057	4238	4909	5906	7051
"single_kinases:PKP2:64:nontemplate-Rep-CGCAGAGGC"	2320	2887	3588	3879	2213	3431	3116	2703	1648	2900	3071	3017	2871	3496	3338	4104
"single_kinases:RIO1:-349:template-Act-CCGCCATTC"	1343	1608	1941	2264	1221	1133	1199	1787	811	1241	1063	1392	1516	1976	2151	2729
"single_kinases:RIO1:-358:template-Act-AGCCCTCGC"	523	442	691	524	261	627	459	174	344	401	535	414	489	313	615	235
"single_kinases:RIO1:-409:template-Act-TCAAGGGGG"	440	575	548	512	149	341	414	344	167	413	511	391	401	554	515	476
"single_kinases:RIO1:387:nontemplate-Act-GTGCGACAG"	866	903	1081	1055	675	1268	1198	1179	651	919	1040	1073	1013	921	1197	1363
"single_kinases:RIO1:-271:template-Rep-AAGCTCGGG"	359	321	392	198	69	262	41	505	104	133	34	512	193	68	185	87
"single_kinases:RIO1:238:nontemplate-Rep-ATCTCCGGG"	1250	278	299	317	144	228	174	1508	150	152	230	1182	1243	245	249	387
"single_kinases:RIO2:-331:template-Act-GCGGTAAAC"	3245	3724	5298	5965	3271	4902	3841	3608	4150	5097	5313	3276	3752	4838	6446	6924
"single_kinases:RIO2:-338:template-Act-CTGCAGCAC"	5642	6563	8878	9867	7914	9004	8852	9166	7023	8103	8529	7465	9200	9619	10621	15076
"single_kinases:RIO2:-348:template-Act-ACAGGGTCC"	2183	2394	3611	2808	3186	3530	4386	2332	2833	3270	3642	2074	2789	2594	3822	3343
"single_kinases:RIO2:-131:template-Rep-CTATGGCAG"	967	1262	1493	1442	611	1238	1325	1146	456	1243	793	791	1472	1293	1185	1842
"single_kinases:RIO2:161:nontemplate-Rep-TGGAAGCAG"	727	868	965	873	538	664	683	774	417	585	1072	622	885	298	712	359
"single_kinases:SLN1:-413:template-Act-TGACGCCTG"	3557	2613	3639	3426	2095	2280	2251	4661	1695	2416	2376	5114	4126	2862	3460	3421
"single_kinases:SLN1:320:nontemplate-Act-CGAGGAGAC"	1197	1047	1144	1029	328	913	423	930	483	985	653	1035	834	559	911	629
"single_kinases:SLN1:-239:template-Rep-ATCTCGAGG"	379	407	515	352	225	285	169	219	173	401	292	258	365	94	329	140
"single_kinases:SLN1:205:nontemplate-Rep-ACCCAATCG"	2056	2292	3152	3242	2047	3462	3404	2756	1950	3486	2649	2663	2822	2381	2542	2278
"single_kinases:TEL1:-162:template-Act-TTCGCGACG"	790	671	999	857	522	885	744	398	781	665	887	660	659	249	862	293
"single_kinases:TEL1:-210:template-Act-GGCGGATAC"	326	349	459	394	291	308	316	161	457	268	223	271	175	272	243	343
"single_kinases:TEL1:156:nontemplate-Act-GCCACAAAC"	843	898	1315	885	616	645	890	707	348	677	1240	1240	927	118	722	234
"single_kinases:TEL1:-21:template-Rep-AGATTGCGC"	112	83	121	52	22	40	24	105	21	66	32	129	51	31	81	30
"single_kinases:TOR1:-126:template-Act-GGTTCACGC"	1254	1686	2281	2281	1543	1271	1510	1498	1223	1770	1759	1369	1698	1772	2441	2629
"single_kinases:TOR1:-135:template-Act-TCTGCTGGC"	1837	2032	2214	2470	1463	2277	2139	2463	1524	2335	2591	2228	2396	3230	2591	4487
"single_kinases:TOR1:-158:template-Act-CTGGGACTG"	1160	1063	1430	1030	368	940	599	931	321	756	628	943	831	549	1113	623
"single_kinases:TOR1:131:nontemplate-Act-TGTCTCCGC"	5061	2677	7941	3800	4489	7010	887	525	4183	5764	298	726	6967	76	8331	30
"single_kinases:TOR1:-19:template-Rep-AGCTGCAAG"	1655	1471	2591	1811	2371	1216	1084	2595	1684	1108	2553	1643	1749	579	2060	871
"single_kinases:TOR1:23:nontemplate-Rep-GCTGGTGAG"	1319	1711	2215	2266	1237	1932	1080	2138	1096	2093	1356	1550	2070	1746	1933	3054
"single_kinases:TOR2:-108:template-Act-CAACAACCC"	3062	3152	3697	2822	1211	2609	1975	3324	1164	2394	2976	2758	3232	2809	3567	2931
"single_kinases:TOR2:-117:template-Act-TGCCCCAAG"	2888	3018	3478	2863	1289	2562	2967	2303	1493	2649	3126	2305	2962	2911	3964	2756
"single_kinases:TOR2:-187:template-Act-AGGCAGCTG"	2118	2560	3200	2959	1718	2510	2496	2563	2053	2605	2668	2390	2492	2632	2853	2931
"single_kinases:TOR2:151:nontemplate-Act-GAGACAGCG"	1187	1111	1669	1285	749	1383	1032	1192	673	1111	1347	1087	1099	320	1655	435
"single_kinases:TOR2:60:template-Rep-CCAGCTCAG"	959	1047	1393	1121	539	1264	1669	956	713	1100	1422	917	1051	1259	1320	1630
"single_kinases:TOR2:-25:nontemplate-Rep-AGCCTCCAC"	2049	2277	3146	3748	2712	3012	1999	2222	2186	2848	2208	3336	2607	2365	3708	3796
"single_kinases:TRA1:-178:template-Act-CTGGAGCGG"	3198	3305	5085	4671	3162	4444	3020	4030	3334	3956	3185	4856	4622	2085	6177	3097
"single_kinases:TRA1:-195:template-Act-GATCGGGCC"	1254	1419	1905	1713	1146	1651	1001	1531	1068	1345	1520	1768	1813	1365	1734	1314
"single_kinases:TRA1:-210:template-Act-GCAGGGTGG"	3552	4282	5081	4448	1823	3707	3396	4084	1905	3531	3128	3416	4158	4628	4160	5617
"single_kinases:TRA1:136:nontemplate-Act-TGGGACGGG"	21	18	16	12	0	12	26	8	0	12	20	19	11	4	11	7
"single_kinases:TRA1:39:template-Rep-CTCCGGACG"	3900	4588	6107	6459	4574	6787	4445	6457	3430	6245	3989	6193	5089	5899	7168	8286
"single_kinases:TRA1:31:nontemplate-Rep-TCGGGGGAC"	3317	4440	5479	5505	2172	4442	4386	3680	2207	4612	4784	3933	4363	4794	4834	7203
"single_kinases:YLR253W:-160:template-Act-GAGTCCTCG"	306	272	373	383	245	225	119	205	204	235	166	132	255	107	382	290
"single_kinases:YLR253W:-216:template-Act-TCCTCCGCC"	5143	6489	8367	9978	7902	7404	7953	7129	6205	7528	6618	6142	8135	10893	8627	16069
"single_kinases:YLR253W:-222:template-Act-GAAACGGTG"	3953	4766	5612	6471	3697	4852	5447	6092	3436	5102	5232	4297	5344	7401	6290	10638
"single_kinases:YLR253W:173:nontemplate-Act-AGTGCGGTG"	2515	2686	3512	2869	1555	2989	2393	2579	1610	2515	2609	2925	2892	2821	2778	3261
"single_kinases:YLR253W:-81:template-Rep-ATCCCGAGG"	1569	1909	2523	2591	1979	2432	2330	2098	1951	1968	1838	1619	1882	2367	2298	3441
"single_kinases:YLR253W:94:nontemplate-Rep-CTGTGCACC"	2245	2750	2933	3079	1756	2786	2180	2582	1252	2860	3177	2955	2602	2994	3465	4697
"single_kinases:YPL109C:-188:template-Act-TGACGCTCG"	1009	1276	1488	1210	537	888	632	931	518	899	813	1044	1167	1047	1545	1021
"single_kinases:YPL109C:277:nontemplate-Act-ACACCGACG"	1423	1406	2098	1584	723	1531	2382	1022	1133	1735	2321	1335	1693	1509	2001	1561
"single_kinases:YPL109C:-3:template-Rep-TTTGCCGGC"	1068	1177	1511	1290	878	740	1111	967	915	1032	943	970	1035	961	1265	1086
"single_kinases:YPL109C:81:nontemplate-Rep-TTGGACCGG"	0	0	0	0	0	0	0	0	0	0	0	0	0	0	0	0
"single_kinases:CHK1:-126:template-Act-GGCCAATTC"	533	466	706	580	236	659	576	944	561	678	450	816	734	323	708	316
"single_kinases:CHK1:-204:template-Act-CAGTCACGG"	3954	5405	6423	6992	4258	5342	6424	5428	3983	5605	4812	5033	5495	6809	6487	8606
"single_kinases:CHK1:-212:template-Act-GCCCAAGAC"	629	677	949	823	361	898	856	458	721	634	773	502	524	793	962	934
"single_kinases:CHK1:155:nontemplate-Act-TGGGGTGTG"	491	417	530	436	126	329	243	478	164	344	258	437	382	190	394	207
"single_kinases:CHK1:-73:template-Rep-GACTGTGCG"	1656	1436	1997	1225	529	1028	751	861	673	1294	913	1103	1249	700	1620	798
"single_kinases:CHK1:-21:nontemplate-Rep-CGCCAACAC"	453	562	669	767	512	488	807	492	258	584	312	380	488	507	559	999
"single_kinases:CMK1:-144:template-Act-TCCTCCCGG"	2243	3045	3493	3169	2571	2828	3119	3200	2887	2981	6298	2912	3561	3164	2931	4058
"single_kinases:CMK1:-187:template-Act-AAACTCGGC"	522	462	634	467	222	347	437	363	241	349	345	320	386	241	416	312
"single_kinases:CMK1:-210:template-Act-CGATAGGGG"	1917	2174	2489	2193	1208	1748	1894	1851	1268	1950	1793	1312	2055	2084	2225	2937
"single_kinases:CMK1:159:nontemplate-Act-GAAGGGGAC"	1939	1999	2568	2381	1337	2048	2017	2222	1428	1946	2526	1917	2282	2589	2609	3382
"single_kinases:CMK1:-32:template-Rep-TCCCGTTCC"	81	58	61	33	97	19	134	62	85	18	226	37	64	47	12	29
"single_kinases:CMK1:87:nontemplate-Rep-TCGGTACGC"	1235	1286	1634	1160	572	1261	1207	1047	600	1517	1882	1096	1254	1038	1692	1099
"single_kinases:CMK2:-215:template-Act-CGGAACGTC"	349	334	684	754	519	422	350	368	841	612	562	532	786	764	458	1193
"single_kinases:CMK2:-241:template-Act-GAAGAGGGC"	3552	3964	5586	4575	2849	6353	4348	3901	3702	4688	5653	4032	4783	1927	5570	2795
"single_kinases:CMK2:-258:template-Act-GAGCTCGCC"	1747	2075	2803	3126	1054	2592	1760	2013	1302	2593	1887	2449	2460	3906	2184	3270
"single_kinases:CMK2:207:nontemplate-Act-CGTCAGCCC"	969	956	1200	785	448	881	727	983	431	934	855	885	998	642	1009	846
"single_kinases:CMK2:-121:template-Rep-CGACCCAGG"	1248	1600	1851	1848	833	1186	1665	1849	1006	1499	1308	1693	1689	1902	1940	2393
"single_kinases:CMK2:117:nontemplate-Rep-CAGGTGGCG"	1803	2003	2689	2183	1129	2097	1864	2743	1065	1838	2704	2540	2383	1909	2091	2220
"single_kinases:DUN1:-197:template-Act-CCAAACCTG"	1386	1409	1705	1286	624	1409	1091	1262	639	1145	1578	1585	1455	775	1666	1022
"single_kinases:DUN1:132:nontemplate-Act-GGGCACTAG"	281	179	315	167	54	149	131	335	100	179	138	259	152	74	233	73
"single_kinases:DUN1:-14:template-Rep-CGTGAGGAG"	119	52	135	73	32	1	30	31	32	37	76	9	45	29	52	42
"single_kinases:DUN1:-10:nontemplate-Rep-TGGGCTCAC"	1196	1472	1813	1800	1380	1809	1603	1073	1197	2048	1422	923	1519	592	1714	631
"single_kinases:FRK1:-368:template-Act-GAGCTTTTG"	139	165	229	183	96	134	251	191	86	177	119	219	66	139	184	231
"single_kinases:FRK1:333:nontemplate-Act-TGAATGGGG"	698	618	1037	930	606	987	706	1014	490	821	841	505	965	636	734	667
"single_kinases:FRK1:-224:template-Rep-CCAGAGGAC"	3164	3581	4798	4642	2829	3283	5030	3639	3521	3482	4841	3193	4491	4859	4442	6085
"single_kinases:FRK1:182:nontemplate-Rep-GCTGACAGG"	755	659	1056	667	431	703	655	663	397	747	938	493	788	292	764	241
"single_kinases:GIN4:-233:template-Act-CAGTCAGGC"	403	391	603	393	194	490	173	207	145	385	147	128	541	140	504	216
"single_kinases:GIN4:-312:template-Act-GTCGCAATC"	942	1190	1656	1665	938	1481	1784	1906	997	1463	1628	1469	1341	2215	2156	2875
"single_kinases:GIN4:219:nontemplate-Act-CGGTACCCC"	356	338	378	308	92	277	293	373	194	295	244	338	409	277	353	185
"single_kinases:GIN4:-81:template-Rep-CTTGCTCCG"	196	246	227	188	100	130	157	195	89	89	126	232	168	285	207	235
"single_kinases:GIN4:100:nontemplate-Rep-CCCCCAAAC"	938	815	1160	763	314	591	529	344	307	810	364	447	806	246	892	487
"single_kinases:HSL1:-346:template-Act-GAGAGCCGC"	2520	2585	3902	3241	2177	2870	1794	211	2078	3169	790	600	2992	754	4223	1118
"single_kinases:HSL1:-359:template-Act-CCTCCCCAG"	2	0	0	4	0	4	0	0	0	1	0	0	0	6	2	0
"single_kinases:HSL1:-375:template-Act-GCTTCGGAG"	2600	3183	3778	3814	3107	3092	3106	1062	2631	2443	2264	1537	3556	2761	3032	3610
"single_kinases:HSL1:359:nontemplate-Act-GCAATGCTC"	0	9	8	8	0	18	1	0	0	1	2	0	14	0	29	0
"single_kinases:HSL1:-251:template-Rep-GCACCTGAC"	4853	5608	6447	6817	3687	4619	6831	4660	3524	4713	5465	4777	4874	6678	5882	9710
"single_kinases:HSL1:263:nontemplate-Rep-TGACAGGGC"	694	728	910	969	653	882	315	793	552	1063	589	1032	581	532	759	1725
"single_kinases:KCC4:-205:template-Act-GTACCGCGG"	390	129	138	109	14	116	22	426	11	92	78	200	256	55	69	56
"single_kinases:KCC4:-253:template-Act-TCCGCAACC"	410	431	551	579	697	496	804	338	452	476	406	443	542	478	694	484
"single_kinases:KCC4:-259:template-Act-GTGGGCCTG"	7751	8012	11544	12100	7487	8387	10953	8736	8401	9017	12110	6988	11923	11857	13644	14883
"single_kinases:KCC4:215:nontemplate-Act-AGCTTGCCC"	2036	2715	3039	2985	1598	1910	2321	2179	1417	2338	1852	2331	2280	2976	2661	3833
"single_kinases:KCC4:-92:template-Rep-GCGTCTTCC"	1830	1849	2147	1639	411	1022	828	2256	561	947	808	1640	1330	930	1473	1044
"single_kinases:KCC4:16:nontemplate-Rep-GTCGGGTCC"	4218	4708	6210	5849	3861	4747	4710	5229	2674	5492	5087	4893	5822	7253	6568	8991
"single_kinases:KIN1:-389:template-Act-TGGGACGCC"	1473	1709	2074	2386	1621	1523	1879	1227	1311	1219	3205	1050	1702	1672	2543	1773
"single_kinases:KIN1:-401:template-Act-CATCCCTCG"	2364	2836	3796	4128	2540	3672	3055	2827	2151	3200	3274	3212	2632	4092	4342	5510
"single_kinases:KIN1:-477:template-Act-GTCCCAGCC"	3190	3381	4895	6671	3986	4592	5523	3880	4696	4152	6094	3905	3424	4305	4967	9250
"single_kinases:KIN1:407:nontemplate-Act-GGCTCGCAG"	13565	17649	23693	28302	21544	21673	21308	11327	18012	19166	24439	7588	17635	16848	23947	26648
"single_kinases:KIN1:-313:template-Rep-AGTCGAGCG"	1351	1577	1837	1961	661	1499	1580	1593	508	1254	1103	960	1384	917	2466	1689
"single_kinases:KIN1:270:nontemplate-Rep-ACCGCTTGG"	399	295	508	189	145	342	187	402	151	313	161	437	347	22	391	24
"single_kinases:KIN2:-288:template-Act-CGTCTTGCC"	3030	3562	5333	5764	5369	4849	3456	3497	3523	5751	3995	3205	4116	4350	5446	7099
"single_kinases:KIN2:-296:template-Act-GCGGTTCAC"	7860	9067	11343	12320	9808	10739	15207	7049	9328	8793	15047	6194	11842	11708	11732	17201
"single_kinases:KIN2:-305:template-Act-GTTGTGGCC"	1666	2157	2913	3020	2573	2903	3477	2348	2867	2541	4397	2528	2638	3582	4296	5820
"single_kinases:KIN2:315:nontemplate-Act-GGTGTCTGC"	3676	4145	5873	6821	4882	4146	5031	3540	4265	3994	5651	3536	5349	6823	5245	10074
"single_kinases:KIN2:-199:template-Rep-CACTGACGG"	1872	2040	2616	2638	2727	2233	2636	1804	1862	2629	3422	2017	2100	2263	2945	3379
"single_kinases:KIN2:213:nontemplate-Rep-AAGGCCCTG"	255	223	322	309	71	278	221	142	127	165	185	199	225	252	103	166
"single_kinases:KIN4:-270:template-Act-GGTTTACCC"	1295	1535	1816	1902	1815	1675	1945	1006	1557	1417	2317	1169	1534	1717	1707	2459
"single_kinases:KIN4:-320:template-Act-CGCCATCTC"	1690	1706	2292	2035	998	2396	1897	1443	1212	2041	2309	1254	1990	1589	3028	2176
"single_kinases:KIN4:-325:template-Act-GGAACGTTG"	783	1034	1147	1188	592	741	1116	1069	788	1026	1139	656	886	1357	1226	1220
"single_kinases:KIN4:314:nontemplate-Act-GGACAAACG"	189	187	216	151	45	133	51	119	56	100	95	120	114	79	160	60
"single_kinases:KIN4:-192:template-Rep-TCAGGACGC"	685	566	830	532	321	549	403	299	407	652	584	317	562	253	647	367
"single_kinases:KIN4:96:nontemplate-Rep-CCTTGTCGC"	56	69	80	51	25	46	32	129	9	62	30	134	34	20	81	17
"single_kinases:MEK1:-129:template-Act-CCCGACATC"	631	746	965	1082	463	889	997	763	540	598	515	608	685	983	1158	1610
"single_kinases:MEK1:-132:template-Act-TTAGCCGCC"	2702	3688	4566	4968	2474	3563	3217	2669	2803	3754	3266	2901	3101	4433	3953	6400
"single_kinases:MEK1:-143:template-Act-GATTCACCG"	417	554	705	597	274	452	544	283	664	436	930	312	438	541	564	398
"single_kinases:MEK1:168:nontemplate-Act-ATGCCCAAC"	1581	1881	2456	2623	1711	1668	1577	1929	1618	1496	2048	1858	1771	1878	2548	3197
"single_kinases:MEK1:-32:template-Rep-CGACCGGAC"	148	172	191	184	54	174	158	217	38	198	143	84	141	63	221	77
"single_kinases:MEK1:31:nontemplate-Rep-CCGTTGACG"	2795	2810	3945	2718	1430	2971	2326	2607	2042	2872	4329	2933	3294	1438	4127	1930
"single_kinases:NNK1:-164:template-Act-GGGTGCAGG"	2269	2557	3981	3615	3738	4909	3018	4768	2610	3626	3333	3427	3166	2602	5054	3672
"single_kinases:NNK1:-167:template-Act-CTGCCTGCC"	2649	3347	4607	5131	5398	2944	7768	4465	4787	2594	9785	2551	3494	4668	4194	6838
"single_kinases:NNK1:-191:template-Act-AGGCGCAGC"	1645	2120	2394	2408	1489	1821	2050	1925	1129	1974	2029	2066	1774	2378	1908	3789
"single_kinases:NNK1:179:nontemplate-Act-GAACCGACC"	1268	1672	2205	2528	2831	1347	3413	2591	2985	1343	4716	1104	2073	2509	2418	2877
"single_kinases:NNK1:-85:template-Rep-CAACCCGAC"	6451	7794	10262	11499	7676	10921	9006	8804	7689	9095	9718	8041	8348	11751	12535	16793
"single_kinases:NNK1:102:nontemplate-Rep-CTGGGTGGG"	2443	2858	3510	3839	2812	3047	4109	3907	3043	3395	4768	3172	3398	4840	3654	6389
"single_kinases:PRR1:-292:template-Act-CCCGCTAAG"	930	1158	1438	1391	635	964	694	884	785	1108	1033	945	898	1108	1325	1171
"single_kinases:PRR1:-327:template-Act-CTTGTCCCG"	2642	2642	3107	2454	1138	2194	902	5000	1256	2542	807	4958	2697	1499	2941	2095
"single_kinases:PRR1:353:nontemplate-Act-CACAAACGC"	324	368	460	302	119	155	243	273	205	241	237	389	320	376	323	442
"single_kinases:PRR1:-193:template-Rep-TCCCCACAC"	1489	1478	1839	1371	677	1848	1057	1493	1061	1153	1363	1534	1196	916	1533	953
"single_kinases:PRR1:214:nontemplate-Rep-GTCGGCTCC"	1599	1751	2135	2088	1297	2022	1198	2044	1454	1740	2134	2072	2826	2013	1740	2618
"single_kinases:PSK1:493:nontemplate-Act-TGGCCGTTG"	261	265	424	308	174	139	185	231	255	248	146	342	336	318	320	448
"single_kinases:PSK1:-383:template-Rep-GGGTGATGC"	1828	2048	2637	2291	1011	1397	1632	2022	1308	2035	2053	2290	1727	1824	2094	2289
"single_kinases:PSK1:365:nontemplate-Rep-AAGGCGGTG"	1555	1745	2558	3404	2813	2459	2331	1504	2259	1819	2860	1688	2182	3056	2545	4404
"single_kinases:PSK2:-545:template-Act-CGGACGTAG"	3255	1375	5884	2001	5804	5971	6158	572	5599	5645	8570	615	5002	427	6525	476
"single_kinases:PSK2:-551:template-Act-TCATCGCCC"	1947	1852	2806	2714	1697	2379	2887	2340	1544	2745	1629	1474	2528	1545	2704	2134
"single_kinases:PSK2:-556:template-Act-GGGTGCGAC"	4994	5757	7408	7857	4848	6730	6522	4603	4320	6487	6806	4959	6636	8077	7444	10795
"single_kinases:PSK2:574:nontemplate-Act-ACTCTGGCG"	1043	1417	2316	1673	896	1406	1268	2203	888	1680	1493	2317	1141	935	2380	1538
"single_kinases:PSK2:-469:template-Rep-CCTCCCGAC"	4599	5091	7180	7397	5211	6849	5499	6494	4993	6037	5730	5098	6348	6620	6834	9076
"single_kinases:PSK2:467:nontemplate-Rep-GTCCGCTCC"	2651	3082	3891	3792	2412	3285	3429	3242	2903	2986	3994	3103	3326	4077	4288	5369
"single_kinases:RAD53:-224:template-Act-CGGTCGTCG"	4984	5550	7605	7339	4806	6175	4445	6588	5018	6366	4564	5899	6057	867	8324	1135
"single_kinases:RAD53:-245:template-Act-CCGTGCAGC"	561	578	876	766	396	658	196	423	302	517	208	241	625	45	707	17
"single_kinases:RAD53:-263:template-Act-GGCGATCTG"	3105	3259	5050	4971	3221	4165	2905	3130	3566	3614	1770	2818	3585	844	4747	1414
"single_kinases:RAD53:366:nontemplate-Act-ACCTCCGCG"	2190	2565	3432	3413	2288	3076	3453	2965	2486	3419	4241	3295	3041	3305	3792	4788
"single_kinases:RAD53:-127:template-Rep-TAGGCCGCG"	2939	2852	3805	2911	1056	2212	1562	2297	1100	1975	2005	2488	1872	1689	2626	1681
"single_kinases:RAD53:156:nontemplate-Rep-CTCGGCCAC"	155	175	146	131	52	103	81	150	38	89	118	82	100	112	102	95
"single_kinases:RCK1:-473:template-Act-GTTGAACGC"	1825	1829	2532	2063	1155	1663	2036	1418	876	1805	1220	1433	2016	1680	2326	2235
"single_kinases:RCK1:-479:template-Act-GTGACGAGG"	221	239	328	252	88	179	206	284	41	235	221	180	231	283	292	220
"single_kinases:RCK1:-513:template-Act-GTTTTCCCG"	260	226	290	142	82	170	142	214	66	166	127	202	183	88	215	51
"single_kinases:RCK1:487:nontemplate-Act-CTCTTTGGC"	2480	2865	3761	3470	1906	2631	2272	3095	2056	2360	2837	2978	2497	2736	2986	3502
"single_kinases:RCK1:-364:template-Rep-GAACCCCTC"	7513	8891	11511	11783	6958	8966	10307	7932	7954	8863	9093	9602	9103	11385	10036	15397
"single_kinases:RCK1:378:nontemplate-Rep-CATAGCTCG"	846	973	1301	1541	1196	997	1656	544	749	1233	1241	747	929	1842	1519	2329
"single_kinases:RCK2:-157:template-Act-CCAGGTACG"	358	430	606	387	261	541	219	427	164	512	121	441	523	462	546	493
"single_kinases:RCK2:-162:template-Act-AGACGGACC"	156	116	132	88	62	95	49	97	47	87	27	150	109	56	92	84
"single_kinases:RCK2:-217:template-Act-ATGGGCGAC"	2027	2264	2937	2744	1747	3110	1964	2472	1413	2616	2324	3224	3360	3003	3630	3432
"single_kinases:RCK2:207:nontemplate-Act-GAGGGTGAC"	1402	1276	1960	1385	779	1288	658	1111	607	1252	486	1305	1827	630	1837	817
"single_kinases:RCK2:-62:template-Rep-AGCCTACGG"	417	417	572	431	303	554	252	489	264	450	317	378	506	215	493	411
"single_kinases:RCK2:108:nontemplate-Rep-CTTGGCTCC"	2238	2010	3063	2319	1307	2300	1303	2481	1607	2234	1259	2889	2558	1515	2451	2047
"single_kinases:SNF1:-423:template-Act-CTCGACGGC"	1624	1887	2230	2099	1207	1433	1734	1722	1363	1760	1914	2685	1468	1846	1916	2486
"single_kinases:SNF1:-463:template-Act-GCGAGCAAC"	2922	3546	4637	4909	5119	4271	6509	3462	4477	4852	6863	3646	4332	5812	5513	7545
"single_kinases:SNF1:-476:template-Act-CTGTCGCGC"	1179	1497	1976	2056	1533	2393	1626	1799	1006	2258	1503	1992	1936	2183	2650	2944
"single_kinases:SNF1:393:nontemplate-Act-CGCCCTCTG"	188	167	259	151	116	112	136	30	133	147	149	94	162	30	238	87
"single_kinases:SNF1:-296:template-Rep-GTTCTGGGG"	884	1177	1239	1170	651	1063	1428	794	372	701	1186	1382	1208	865	963	1393
"single_kinases:SNF1:296:nontemplate-Rep-CGGTGTCCC"	947	951	1359	1193	813	1032	939	1229	382	943	688	1692	1027	1211	1192	1999
"single_kinases:TDA1:-190:template-Act-AGCGCAGAG"	663	742	1098	1026	1197	904	1198	903	1787	566	2644	682	752	815	1093	772
"single_kinases:TDA1:-230:template-Act-GAATGGACG"	466	341	486	290	115	231	129	321	214	298	224	206	299	148	357	95
"single_kinases:TDA1:-235:template-Act-CCCCCAGAG"	134	130	173	103	50	81	93	131	82	101	61	166	106	27	108	35
"single_kinases:TDA1:290:nontemplate-Act-GCTTCGTGG"	463	455	611	468	201	355	427	423	240	383	315	283	481	217	455	217
"single_kinases:TDA1:-2:template-Rep-AAGGCGAGG"	373	236	427	200	122	238	174	108	145	212	220	200	385	61	364	72
"single_kinases:TDA1:86:nontemplate-Rep-GGTGGAGAC"	3084	3909	5431	6219	4655	7109	5494	5840	4337	6938	6468	5035	4673	6084	6332	11804
"single_kinases:YPL150W:-295:template-Act-TTGCTTGCC"	3384	3941	5772	5913	3562	4539	5569	4018	3645	3931	5465	4103	4433	4146	6460	6722
"single_kinases:YPL150W:-322:template-Act-TCAACTGGC"	969	1268	1743	1950	1061	1479	1830	1130	1262	1583	1579	904	1537	1446	2062	2109
"single_kinases:YPL150W:-332:template-Act-CTCATTCGG"	7217	8034	11804	11154	9446	11601	13376	6504	8358	10409	13384	8770	9886	10338	12254	16367
"single_kinases:YPL150W:293:nontemplate-Act-CCGACATAC"	1097	1201	1844	1491	929	874	2127	1166	935	928	1939	988	1698	1287	1848	1443
"single_kinases:YPL150W:-70:template-Rep-CTGAGAACG"	1658	1735	2643	2175	1454	1631	3979	1038	1653	1621	2524	1934	2603	2133	2687	2811
"single_kinases:YPL150W:197:nontemplate-Rep-TGACTTGGG"	1571	1763	2358	1987	1055	1414	1436	1620	1456	1841	1898	1929	1770	1030	1980	1274
"single_kinases:HRR25:-315:template-Act-GAGCAGCCG"	1575	1440	2693	1777	1154	1492	809	124	1273	1510	994	363	1461	90	2251	109
"single_kinases:HRR25:-399:template-Act-GGGCAGTGC"	2683	3114	3836	3976	2156	4889	3010	3326	3046	4224	3400	3760	4229	4247	4498	5988
"single_kinases:HRR25:311:nontemplate-Act-GGTGAGCCG"	39	14	24	14	16	20	6	12	2	6	7	20	31	1	50	6
"single_kinases:HRR25:-189:template-Rep-CGCTGCAGG"	193	91	261	87	81	105	22	2	77	126	12	9	121	0	232	0
"single_kinases:HRR25:231:nontemplate-Rep-GCAGGCCTG"	372	204	703	379	252	506	104	18	410	440	53	6	581	5	890	0
"single_kinases:YCK1:-235:template-Act-AGTCCGGCG"	3168	4281	5122	6084	4350	4337	4422	5377	3112	3623	3941	4362	5326	5091	5219	8891
"single_kinases:YCK1:227:nontemplate-Act-CTTGACCGG"	207	235	326	201	76	161	58	162	85	160	81	132	190	98	263	72
"single_kinases:YCK1:-85:template-Rep-TGCCACGAG"	688	1016	1132	1457	1056	999	834	802	878	931	1032	808	1062	1552	1411	2260
"single_kinases:YCK1:111:nontemplate-Rep-CAAGGTGCG"	198	224	310	274	73	195	159	232	53	132	139	67	183	180	133	134
"single_kinases:YCK2:-365:template-Act-CGCTCGTAC"	783	951	1092	867	714	626	851	784	644	781	1078	848	1071	1227	1195	1359
"single_kinases:YCK2:-372:template-Act-CACAAACGG"	1167	1461	1716	1888	1150	1063	1687	1345	1043	1514	1299	1198	1802	1362	2025	2295
"single_kinases:YCK2:-417:template-Act-GATTTGTGC"	4217	4923	6361	5574	3627	5273	4982	5503	4029	4868	6364	4910	5504	3697	5553	4396
"single_kinases:YCK2:405:nontemplate-Act-CATTGGAGC"	1858	2405	2809	2700	2005	2636	3048	1561	1930	2258	2331	2338	2635	3174	2703	3481
"single_kinases:YCK2:-171:template-Rep-TCCGGAAGC"	753	773	748	462	220	398	412	521	209	484	566	496	547	555	584	523
"single_kinases:YCK2:217:nontemplate-Rep-GACTGAGGC"	128	121	161	130	53	39	73	33	27	73	81	71	130	61	106	207
"single_kinases:YCK3:296:nontemplate-Act-GCGTGGTTG"	5387	4991	8135	6377	6256	7190	4880	8232	5852	6761	6034	5619	8153	3579	8894	3957
"single_kinases:YCK3:-189:template-Rep-ATCAGGGGC"	347	420	477	416	121	385	315	392	153	278	349	396	312	299	400	285
"single_kinases:YCK3:239:nontemplate-Rep-GGGAACGAC"	719	515	720	413	209	349	330	472	344	391	477	270	586	171	557	200
"single_kinases:CAK1:-128:template-Act-ACGCCCCTC"	472	539	731	543	167	307	348	176	121	288	387	162	508	188	600	199
"single_kinases:CAK1:-189:template-Act-GGCCTGTGG"	2184	2255	2856	2082	1073	1886	1684	1653	1369	1591	1859	1409	2146	1551	2455	1922
"single_kinases:CAK1:-227:template-Act-ATCCGTGCG"	783	1031	1315	1196	737	1010	818	1222	789	1019	918	1289	1045	995	898	1263
"single_kinases:CAK1:156:nontemplate-Act-GCCTCGTTG"	763	725	1012	675	298	599	564	621	420	656	677	581	746	439	647	628
"single_kinases:CAK1:-41:template-Rep-GTGCTGGCC"	840	721	1220	832	445	976	758	496	695	856	704	503	992	231	965	254
"single_kinases:CAK1:41:nontemplate-Rep-GGAGCTTCC"	1146	1301	1807	1806	1644	1784	2097	2133	1341	1820	2240	1662	1775	1618	2566	4465
"single_kinases:CDC28:-163:template-Act-CGACCATGG"	91	85	119	68	11	48	71	13	11	36	27	24	46	14	50	23
"single_kinases:CDC28:-219:template-Act-TCCCACGCC"	759	458	1089	509	425	552	122	0	582	720	41	0	990	57	1173	116
"single_kinases:CDC28:-230:template-Act-GTCGGGGTC"	53	32	47	38	44	29	0	1	16	69	0	0	23	0	95	20
"single_kinases:CDC28:230:nontemplate-Act-CCGGACAGG"	1762	1864	2987	2474	1831	2588	2510	783	1835	2453	2557	1135	2753	1624	3099	2103
"single_kinases:CDC28:-71:template-Rep-CAGGGGGAC"	4	3	8	2	0	9	0	0	0	41	0	0	2	2	0	0
"single_kinases:CDC28:57:nontemplate-Rep-TGGCTTCGG"	2108	2685	3818	3966	3241	3693	3422	3197	2073	2708	4058	2167	3319	5670	4295	7339
"single_kinases:CKA1:-182:template-Act-GGGCGAAAG"	720	837	1178	963	548	762	371	978	967	942	105	1080	1059	907	967	784
"single_kinases:CKA1:-232:template-Act-TCCGCTTTG"	662	781	893	691	244	574	585	546	298	563	459	581	533	757	833	675
"single_kinases:CKA1:-260:template-Act-CGGAGGGAC"	715	970	1249	1144	486	875	960	896	727	907	620	731	938	848	1078	979
"single_kinases:CKA1:-101:template-Rep-GCTGTACGC"	739	729	891	700	307	700	438	1008	380	734	625	1047	723	634	445	821
"single_kinases:CKA1:88:nontemplate-Rep-AAGCCTCGG"	1267	1400	1376	1161	438	834	840	1181	506	894	784	1147	1108	1235	972	1281
"single_kinases:CKA2:-235:template-Act-CGGCAAACG"	1222	1283	1958	2026	1629	1698	950	436	1218	1203	787	939	1986	1121	2074	1865
"single_kinases:CKA2:-285:template-Act-GTTGAGCGC"	4732	3507	6233	4462	2894	4875	2293	619	3848	4713	1454	328	6063	27	5555	16
"single_kinases:CKA2:-296:template-Act-AGACGCGAC"	525	568	751	640	346	538	735	444	165	540	838	381	533	455	649	987
"single_kinases:CKA2:240:nontemplate-Act-CCCGGATTC"	5324	5419	8593	7606	7671	8008	9062	4549	7212	6841	8885	3479	7506	4782	9342	7568
"single_kinases:CKA2:-125:template-Rep-CCGTGCCAG"	531	551	743	600	188	732	388	558	521	867	337	573	492	214	516	305
"single_kinases:CKA2:146:nontemplate-Rep-GTTTGCTGC"	9502	11670	10163	14493	10869	9529	12063	11161	10247	8661	13343	11876	12294	16312	11694	21287
"single_kinases:CTK1:-313:template-Act-GGGCGCAAC"	797	916	1053	845	388	716	603	769	373	679	822	970	807	701	904	936
"single_kinases:CTK1:-323:template-Act-CCCATCGGG"	1767	1685	1987	1438	556	1280	1122	1892	517	1170	1655	1743	1732	1032	1831	1168
"single_kinases:CTK1:-369:template-Act-TAGCGGCGG"	4928	5173	7399	6427	4957	8428	6931	4515	4626	6195	7941	4993	6107	5779	8798	6744
"single_kinases:CTK1:347:nontemplate-Act-GTCCGGACG"	595	598	665	524	211	414	431	496	240	476	422	596	368	441	452	469
"single_kinases:CTK1:-161:template-Rep-CGTCGTCGG"	4	1	0	0	1	0	0	3	0	4	0	3	0	0	4	1
"single_kinases:CTK1:85:nontemplate-Rep-GTCAGCGGC"	795	678	833	518	243	368	536	423	460	456	621	352	618	229	514	239
"single_kinases:FUS3:-637:template-Act-CGGTGGACC"	8313	8726	13278	11859	10047	10992	11356	4616	9821	11294	11860	5078	10943	7341	12254	10911
"single_kinases:FUS3:-746:template-Act-GTCCGCTTG"	63	67	76	33	12	35	45	42	7	47	25	8	67	3	63	2
"single_kinases:FUS3:-751:template-Act-CATGGTGGC"	209	167	259	212	85	117	59	253	61	97	171	240	152	74	155	96
"single_kinases:FUS3:697:nontemplate-Act-CCTGTTGCC"	185	194	222	129	30	114	100	126	69	74	83	103	108	81	124	87
"single_kinases:FUS3:-550:template-Rep-GCGACTCGC"	0	0	0	0	0	0	0	0	0	0	0	0	0	0	0	0
"single_kinases:FUS3:532:nontemplate-Rep-TTTGGGGGC"	447	583	670	496	379	608	280	299	214	565	271	273	561	190	707	291
"single_kinases:HOG1:-254:template-Act-GGTGCAGGG"	777	525	1120	710	483	613	80	3985	589	685	174	5660	686	106	717	279
"single_kinases:HOG1:-258:template-Act-CCGTAGGGC"	153	91	232	118	65	260	58	742	162	213	138	524	168	20	242	96
"single_kinases:HOG1:-262:template-Act-GCGAGCACG"	1426	2380	2272	2639	1302	2194	1384	6657	1197	2129	1793	6198	1610	3711	2411	4300
"single_kinases:HOG1:308:nontemplate-Act-GGTGCGGAG"	4083	4959	6219	7809	5463	6043	7042	5741	5605	5629	6129	5458	6386	9229	6297	12716
"single_kinases:HOG1:-149:template-Rep-TGTCGGCCG"	3077	3078	4243	3437	1707	3631	3076	3138	2272	3498	3513	2796	3281	2815	3993	3125
"single_kinases:HOG1:98:nontemplate-Rep-CTCCCGGTC"	103	91	127	74	12	46	41	73	17	58	72	48	58	35	123	34
"single_kinases:IME2:-804:template-Rep-CGGACCACC"	363	537	502	725	285	471	640	303	408	437	671	446	469	684	611	804
"single_kinases:IME2:811:nontemplate-Rep-GCGCCTTAG"	503	624	855	817	370	424	726	393	465	427	566	441	377	933	581	793
"single_kinases:KDX1:-198:template-Act-GGTCCAATC"	364	304	436	381	279	229	446	311	229	306	163	324	328	287	485	562
"single_kinases:KDX1:242:nontemplate-Act-TGTCCCACG"	1017	1239	1601	1533	668	1028	940	859	855	993	952	940	980	1157	1358	1294
"single_kinases:KDX1:-63:template-Rep-ACCCTGCTG"	0	0	0	0	0	0	0	0	0	0	0	0	0	0	0	0
"single_kinases:KDX1:56:nontemplate-Rep-GTGCCTATG"	2891	2958	4014	3816	2526	3871	4858	2610	2207	3386	3742	2249	3633	2889	4368	3442
"single_kinases:KIN28:-164:template-Act-CCGTCATGG"	2439	2823	3183	3044	1327	2224	2630	1955	1423	2382	2393	2025	2757	3172	2825	3856
"single_kinases:KIN28:159:nontemplate-Act-CCTGTGACG"	295	241	273	188	85	226	144	214	119	224	115	151	175	203	277	176
"single_kinases:KIN28:-15:template-Rep-GAGAAGCGG"	539	482	609	318	249	380	330	327	269	454	411	389	492	212	467	136
"single_kinases:KIN28:20:nontemplate-Rep-AGGCCTACG"	1719	1558	2691	1955	1930	2270	2152	1204	2084	2454	2002	1200	3263	411	3154	476
"single_kinases:KNS1:-121:template-Act-CCTCGTGTC"	27	27	29	21	0	20	5	22	2	23	0	7	43	14	18	4
"single_kinases:KNS1:-133:template-Act-AGGAGAGGC"	45	24	37	19	30	41	4	64	17	14	13	93	26	5	21	11
"single_kinases:KNS1:-243:template-Act-TGGCCCATC"	1804	2167	2902	2961	1252	1537	1623	1341	1204	1667	2331	1341	2027	1977	1982	3549
"single_kinases:KNS1:178:nontemplate-Act-ATTGGGCAC"	2496	2902	4024	3914	2408	3209	4176	2851	3371	3676	3090	3437	4041	3111	3999	4790
"single_kinases:KNS1:23:template-Rep-ATGGCCAGG"	80	124	169	96	43	98	64	58	77	21	135	53	96	27	137	41
"single_kinases:KNS1:15:nontemplate-Rep-CAGTGGCAC"	1347	1803	2244	2129	1468	1997	1878	1898	1050	1863	2278	1438	1767	2334	2337	2646
"single_kinases:KSS1:-291:template-Act-GAGTCCGAC"	1116	1178	1408	1216	842	1243	1624	1444	627	1408	1059	1047	1377	819	1163	1309
"single_kinases:KSS1:349:nontemplate-Act-CTTGTCGCG"	0	0	0	0	0	0	0	0	0	0	0	0	0	0	0	0
"single_kinases:KSS1:-117:template-Rep-CAGGGTCAC"	4947	5292	6439	6065	3177	5464	7183	5005	3770	5398	6436	4331	6258	7364	7682	8956
"single_kinases:KSS1:215:nontemplate-Rep-GGTTTTCCG"	3744	4471	5915	5737	6550	4319	7550	4863	5997	4344	9893	3949	5158	5443	6293	7018
"single_kinases:MCK1:-293:template-Act-CGAAGTGGG"	301	340	510	472	400	389	141	354	244	334	262	391	381	643	449	444
"single_kinases:MCK1:-322:template-Act-CCAAAGGGC"	31	21	27	56	34	125	30	93	6	7	36	91	130	38	59	31
"single_kinases:MCK1:269:nontemplate-Act-CTACTGCCG"	4682	2058	7296	3065	3789	6037	3709	1670	3701	5522	5816	2474	6525	109	8101	242
"single_kinases:MCK1:-171:template-Rep-GGGAATAGG"	1190	1471	2068	2354	1137	2009	443	6822	1328	1648	235	11864	1363	2666	1642	2844
"single_kinases:MCK1:178:nontemplate-Rep-CATGGGCAC"	5704	6647	7794	7691	3589	6588	2888	12525	3268	5918	2833	18110	6390	7229	7913	10260
"single_kinases:MRK1:-168:template-Act-AGCCACAGC"	1596	1879	2701	2483	1482	1475	1639	1533	1555	1588	1221	1413	1478	1414	2145	1964
"single_kinases:MRK1:-184:template-Act-GCGAGTACC"	4152	5046	6015	6689	3367	5013	6196	5155	3050	4294	5721	5086	5992	7233	6382	9771
"single_kinases:MRK1:-187:template-Act-GTCACCTCG"	2	5	8	7	2	2	0	0	0	0	1	0	0	0	0	2
"single_kinases:MRK1:164:nontemplate-Act-TCCTACGGG"	230	184	296	301	127	178	169	62	199	177	99	241	102	140	241	187
"single_kinases:MRK1:-23:template-Rep-GAGGAAGGC"	1048	805	1240	708	346	663	665	980	376	813	539	791	851	212	856	199
"single_kinases:MRK1:70:nontemplate-Rep-TTGACGTCG"	1472	1729	1867	1948	1023	1811	1678	1256	1299	1311	1397	1920	1712	1915	1836	2129
"single_kinases:PHO85:-204:template-Act-GGGACTCGG"	1052	1294	1703	1788	1224	1244	1949	1057	1275	1610	2161	1230	1075	1777	1955	1981
"single_kinases:PHO85:-208:template-Act-TTTGGCCCG"	1214	1257	1983	1733	1236	1508	1588	968	690	1545	1862	723	1492	920	2147	1290
"single_kinases:PHO85:-217:template-Act-TGCCGAACC"	659	553	796	718	274	516	694	534	994	621	554	1010	877	237	933	515
"single_kinases:PHO85:134:nontemplate-Act-TCGGTCACG"	869	1012	1352	1616	1103	1424	2145	528	592	1007	1352	576	769	790	1419	967
"single_kinases:PHO85:-27:template-Rep-AGTCGCGGC"	314	217	450	306	147	395	476	161	172	264	468	90	478	48	428	67
"single_kinases:PHO85:68:nontemplate-Rep-GTCCGCAAC"	266	183	417	198	71	68	185	586	95	97	65	196	247	29	259	37
"single_kinases:RIM11:-285:template-Act-TTGCACCCG"	2222	2710	3978	3990	3458	2997	4489	2688	3875	3304	4481	2477	3841	4062	3904	5581
"single_kinases:RIM11:-301:template-Act-TGCTGAGCG"	2362	2453	3331	4229	3257	2956	3564	3782	2944	2389	2633	3309	2892	4247	3723	6991
"single_kinases:RIM11:-417:template-Act-GGGGTGGAG"	827	932	1187	1429	1299	1236	1090	769	1023	1552	911	1532	1388	1531	1176	2499
"single_kinases:RIM11:321:nontemplate-Act-GCCAGACAG"	2490	3038	3862	4515	2736	3096	4232	2627	2657	2968	3103	2451	3780	4974	3771	5592
"single_kinases:RIM11:-198:template-Rep-GCGAGGAGC"	819	950	1304	1237	601	1211	1202	1021	703	1009	1454	629	901	1160	1173	1896
"single_kinases:RIM11:194:nontemplate-Rep-TCCGGAGGG"	2766	3310	3779	3821	2001	2778	3349	2812	2391	2480	3932	2190	3190	4005	3786	5741
"single_kinases:SGV1:-182:template-Act-TATTCGCCC"	1175	1676	2032	2488	1757	2018	1855	1424	1844	1492	1938	1483	1612	2764	1757	3670
"single_kinases:SGV1:-198:template-Act-AAATTGCCC"	1411	1512	2184	1702	849	1246	1404	901	771	1329	1213	1310	1619	872	1893	1046
"single_kinases:SGV1:-257:template-Act-CAGACGGAG"	669	701	933	624	356	688	663	461	298	736	812	376	1042	575	771	642
"single_kinases:SGV1:175:nontemplate-Act-GCGATGCTC"	1444	1844	2032	2035	578	1090	1359	1385	837	1265	1737	1067	1427	1653	1244	1932
"single_kinases:SGV1:-88:template-Rep-AACGGTTCC"	155	134	232	122	63	350	11	273	54	368	28	176	66	0	144	2
"single_kinases:SGV1:73:nontemplate-Rep-CCGGTTTTC"	925	1145	1199	1404	763	858	1035	1010	463	822	1098	852	1113	1600	1836	1849
"single_kinases:SKY1:-272:template-Act-GATGTGCTC"	1086	1264	1471	1420	534	999	937	1171	529	910	1418	685	1105	1177	1519	1814
"single_kinases:SKY1:-293:template-Act-ATACGTGGC"	3853	4540	5713	5081	2728	4214	4376	4517	2930	4452	4307	4137	5096	4790	4541	5411
"single_kinases:SKY1:-342:template-Act-GCCATTGTG"	2018	2011	2501	1857	837	1747	1402	2976	1218	1645	1828	2434	1818	886	2062	895
"single_kinases:SKY1:276:nontemplate-Act-GCTCGACAG"	425	271	394	160	53	190	239	199	83	244	163	277	175	116	209	84
"single_kinases:SKY1:-162:template-Rep-TTCACGCTC"	1546	1378	2224	1556	1041	1343	1837	1380	1484	1605	1771	1306	1680	794	1804	1185
"single_kinases:SKY1:92:nontemplate-Rep-CTCCAGTCC"	527	784	689	853	577	765	821	792	312	861	316	967	904	1265	1076	2035
"single_kinases:SLT2:-304:template-Act-ACACTCGCG"	1468	1278	1698	2033	1171	1250	1476	511	785	1043	1301	487	2112	624	1799	906
"single_kinases:SLT2:-395:template-Act-GGCATGAAC"	2673	2499	2977	2408	1208	2395	2989	2059	1666	2479	3623	2052	2571	3440	2773	3127
"single_kinases:SLT2:317:nontemplate-Act-TGCCGAATG"	2767	2949	4309	4494	2694	3577	2271	3024	2774	2906	4157	1902	3428	3495	4248	4574
"single_kinases:SLT2:-197:template-Rep-GATGGCACC"	1329	1285	1672	1590	1045	1704	1464	859	942	1698	1664	702	1343	1134	2587	1182
"single_kinases:SLT2:163:nontemplate-Rep-GGTGAGACC"	2258	2332	2721	2077	1232	2056	2169	1423	1187	2003	2506	1098	2529	1787	2924	1758
"single_kinases:SMK1:-785:template-Act-AAGGGGTGG"	102	116	138	105	32	37	58	92	77	71	78	105	67	85	83	105
"single_kinases:SMK1:-797:template-Act-GTGAAAGGC"	536	625	799	836	338	767	957	879	510	720	489	666	800	1350	969	1012
"single_kinases:SMK1:-801:template-Act-AATCGCCTC"	626	737	868	983	711	905	746	1098	624	671	649	747	893	1059	1675	2044
"single_kinases:SMK1:805:nontemplate-Act-CCTGCGTTG"	297	371	408	527	287	362	233	489	468	179	345	461	352	621	546	889
"single_kinases:SMK1:-697:template-Rep-CAACGCTCC"	0	0	0	0	0	0	0	0	0	0	0	0	0	0	0	0
"single_kinases:SMK1:589:nontemplate-Rep-TTGCCGACC"	2313	2551	3559	3382	2049	2755	2813	2447	2099	2688	2736	2564	3005	2613	3657	3486
"single_kinases:SSN3:-340:template-Act-CCATGGCTG"	7372	9549	12162	13887	10092	10981	8208	10653	8450	9858	8602	9478	9579	15221	14423	23860
"single_kinases:SSN3:-455:template-Act-ATGGGGGAG"	1288	1326	1583	1407	702	1123	1325	1105	727	1378	1213	1143	1156	1313	1228	1238
"single_kinases:SSN3:-461:template-Act-TGTGGGTCG"	1608	2045	2678	2691	1387	1852	1602	1544	956	1619	1999	1696	1929	2292	1946	3312
"single_kinases:SSN3:382:nontemplate-Act-CACCGTTGG"	1640	2015	2345	2096	1031	1822	1389	1614	1173	1207	1966	1168	1665	1381	1856	1965
"single_kinases:SSN3:-249:template-Rep-GGGAACATG"	405	491	448	414	228	489	443	521	274	471	658	394	506	550	511	573
"single_kinases:SSN3:159:nontemplate-Rep-AAGCCAGCC"	2459	2645	3430	3011	1408	2469	2335	2385	1081	2221	2462	2146	2580	2096	3294	2932
"single_kinases:YAK1:-267:template-Act-ACGGCTGTG"	115	105	150	141	38	72	83	62	89	75	92	169	182	74	155	193
"single_kinases:YAK1:-297:template-Act-CCACACATG"	30	31	30	13	13	39	9	41	4	13	13	57	21	20	15	5
"single_kinases:YAK1:-325:template-Act-ATCCACCCG"	189	275	263	164	73	136	99	315	110	189	74	309	209	67	223	38
"single_kinases:YAK1:222:nontemplate-Act-ATTTGCCGG"	2632	2611	3722	2849	1762	3617	2742	4694	1989	2967	2128	6711	2802	1544	3327	1749
"single_kinases:YAK1:-128:template-Rep-GTCTCGTCC"	1788	2189	2922	3665	2357	2893	2327	3994	2162	2759	2001	3834	2472	2681	2893	5531
"single_kinases:YAK1:141:nontemplate-Rep-GCCTCTGTC"	5700	6974	7576	7609	3927	7006	5522	11624	4216	7221	5264	16182	6769	7694	7939	9547
"single_kinases:YGK3:-110:template-Act-CCCTCGTCC"	1115	1243	1317	1089	502	921	1216	523	579	903	1177	583	1050	850	1022	792
"single_kinases:YGK3:-122:template-Act-TCATTGGCG"	130	114	163	209	118	119	53	94	135	77	50	99	72	191	41	121
"single_kinases:YGK3:-192:template-Act-GAAGCCAGC"	3264	3373	4578	4188	2305	3896	3952	4284	1828	3826	3161	3256	3835	2735	4882	3907
"single_kinases:YGK3:171:nontemplate-Act-CAGGCAAGC"	504	506	750	522	409	300	756	420	607	508	1824	351	520	352	510	275
"single_kinases:YGK3:26:template-Rep-CCAGCGAAG"	2274	2533	2969	2632	1076	1721	2128	1854	1260	2131	2134	2457	2333	2815	2422	2949
"single_kinases:YGK3:4:nontemplate-Rep-AGCAGTGCC"	2232	2173	2668	2342	1019	2008	1383	2088	834	1699	1653	2071	2096	1689	2378	2191
"single_kinases:BCK1:-194:template-Act-GGCAGCTGG"	2510	3227	3891	4255	1328	3810	3314	2884	2835	3370	3764	2566	3239	4636	4346	7297
"single_kinases:BCK1:-203:template-Act-CCACCTTGG"	564	591	702	682	353	507	389	439	572	474	570	321	599	348	1147	579
"single_kinases:BCK1:-270:template-Act-CAAGGGACC"	752	967	1231	1192	623	827	848	691	465	778	880	560	499	601	988	1023
"single_kinases:BCK1:179:nontemplate-Act-TTGAGGCCG"	94	102	111	124	43	38	17	18	5	97	19	33	39	1	206	48
"single_kinases:BCK1:-66:template-Rep-GTCGGCAGG"	25	22	28	12	6	14	8	20	4	7	1	18	16	7	16	2
"single_kinases:BCK1:54:nontemplate-Rep-GTGGTCCGC"	645	914	840	901	428	760	806	628	379	557	870	688	921	969	911	1248
"single_kinases:CDC15:-132:template-Act-TCAACGGGC"	784	1076	1218	1408	1046	1052	1893	692	1096	974	1062	974	1013	1742	1371	1635
"single_kinases:CDC15:-172:template-Act-GCCTGTACG"	1462	1677	2102	1984	1944	2045	3416	1194	1987	1665	2188	1614	2233	2581	2378	3244
"single_kinases:CDC15:-220:template-Act-GAGAGCCTC"	120	189	196	177	71	123	68	146	61	153	86	169	92	66	106	77
"single_kinases:CDC15:143:nontemplate-Act-CTGCCCTAC"	399	362	552	446	387	358	111	70	452	446	98	90	264	207	469	240
"single_kinases:CDC15:-46:template-Rep-GACTTTGCG"	3841	3273	5792	4676	3627	4119	2273	1317	3413	4381	1500	2489	4343	338	5598	510
"single_kinases:CDC15:25:nontemplate-Rep-TCGCGTGTG"	1177	1002	1562	927	667	705	750	560	673	1125	884	709	999	273	1199	348
"single_kinases:CLA4:-242:template-Act-GTGTCACGG"	1939	1167	2913	1501	1905	2502	376	275	1342	2089	367	348	2275	65	2829	54
"single_kinases:CLA4:-252:template-Act-AACGCTGCG"	2687	768	2947	936	886	1875	85	45	1466	1790	168	189	3340	8	2661	1
"single_kinases:CLA4:-300:template-Act-ACGACCGGG"	514	552	760	647	262	718	265	629	231	844	432	462	545	358	727	522
"single_kinases:CLA4:304:nontemplate-Act-GGGTACCGC"	1386	1593	2011	1804	1168	1468	1432	1121	996	1492	1571	1063	1972	2073	1871	1945
"single_kinases:CLA4:-62:template-Rep-GGTCCCCAC"	5467	6718	7543	7176	3722	7108	6145	5670	4406	5700	6870	5453	6663	9017	8090	9946
"single_kinases:CLA4:138:nontemplate-Rep-GCCCAGCTC"	1944	1682	1941	1599	644	1215	1194	1185	741	1190	1009	1257	1498	1253	1531	1222
"single_kinases:KIC1:-338:template-Act-TCCTCGCAC"	2423	2580	3297	3119	2434	2506	2381	2698	2478	3103	2657	2868	3065	2559	3158	3914
"single_kinases:KIC1:-355:template-Act-GGGCCTGAC"	9196	9433	13352	10843	7670	10148	4315	11262	6958	10858	4180	16118	10939	2672	13144	2878
"single_kinases:KIC1:294:nontemplate-Act-ACGGCATGC"	1397	1600	2271	2259	1993	2356	1440	1543	1803	1402	1902	1936	1658	1465	2468	2446
"single_kinases:KIC1:-179:template-Rep-GGTGGACCC"	3	1	17	0	0	0	3	0	0	7	0	0	2	0	0	0
"single_kinases:KIC1:171:nontemplate-Rep-CTCCTGGGC"	3790	4080	6496	6306	4126	5283	4928	4359	4124	5361	4973	3645	5679	4747	7196	6289
"single_kinases:MKK1:-238:template-Act-TGTTTCGGG"	577	662	800	800	392	482	545	614	431	394	792	576	746	704	631	857
"single_kinases:MKK1:-277:template-Act-CGGTGATTG"	2123	2217	3007	3222	1721	1966	3040	1645	1744	2526	2355	1464	2920	3053	3891	4405
"single_kinases:MKK1:285:nontemplate-Act-GAGAGCCGG"	500	638	799	896	236	983	386	583	232	556	586	598	748	1065	995	2000
"single_kinases:MKK1:-153:template-Rep-GATCGCTCC"	642	666	752	582	171	407	430	231	321	348	341	297	369	317	393	527
"single_kinases:MKK1:99:nontemplate-Rep-ATGCGCACC"	491	361	639	439	255	410	295	285	277	489	219	294	448	228	536	132
"single_kinases:MKK2:-344:template-Act-GTGAGTTGC"	3035	3384	4425	4689	2860	3271	4616	3277	2288	3564	3852	2726	4247	4952	3608	5929
"single_kinases:MKK2:-385:template-Act-GGTCTATGG"	1	0	0	0	1	0	0	0	0	0	0	0	0	0	0	0
"single_kinases:MKK2:319:nontemplate-Act-TCAGCGCAG"	531	655	941	676	239	379	555	1486	278	389	305	643	621	518	537	676
"single_kinases:MKK2:-213:template-Rep-GATGTTTCC"	711	867	1056	900	349	684	767	640	577	618	905	551	729	610	610	629
"single_kinases:MKK2:197:nontemplate-Rep-TCGTGTGCG"	816	597	829	505	232	565	492	524	185	623	610	498	675	287	561	188
"single_kinases:PBS2:-317:template-Act-CCGCATTTC"	3848	5240	5229	7747	4126	4966	2772	26496	4093	5990	3035	26975	5943	9406	5667	12106
"single_kinases:PBS2:-363:template-Act-TCGAGGTCC"	1012	1200	1374	1439	574	1072	352	7201	801	1290	534	4325	1363	951	1401	1316
"single_kinases:PBS2:326:nontemplate-Act-TTGGGGAAC"	1744	2258	2579	2548	961	2646	579	16190	1244	2380	582	15385	2077	2502	2156	2645
"single_kinases:PBS2:-223:template-Rep-CCGATCACC"	1843	1904	2509	2206	1485	2055	1478	6075	1056	2069	1735	5670	2228	1927	2460	2531
"single_kinases:PBS2:204:nontemplate-Rep-CCAGGTCTC"	2943	3665	4180	4324	4014	3744	6093	3654	5156	3678	10845	3737	4072	5898	4643	6874
"single_kinases:SKM1:-124:template-Act-ACCCACCGC"	3465	5169	5166	6043	3808	5500	5672	3719	4714	5392	6283	4511	5015	5244	5708	9783
"single_kinases:SKM1:-134:template-Act-GGCTCGTTC"	2732	2741	3900	3216	2504	3646	3026	4504	2279	3417	3271	3310	3657	2890	4286	3452
"single_kinases:SKM1:-137:template-Act-TCCGACGGC"	2179	2420	3475	3365	2545	2645	3347	1768	2180	2722	4346	1965	3125	1963	3525	3146
"single_kinases:SKM1:231:nontemplate-Act-GAGTTGGCG"	695	803	930	1050	640	636	579	453	689	599	1102	428	813	531	848	607
"single_kinases:SKM1:7:template-Rep-CGTCCGAGG"	3144	3352	4081	3142	1066	2010	1954	5893	1197	2283	2284	3276	2636	3087	3698	3308
"single_kinases:SKM1:89:nontemplate-Rep-GACCCCCTG"	1213	1001	1719	1155	403	1125	1011	720	675	1078	802	712	1119	604	1186	605
"single_kinases:SPS1:-800:template-Rep-ACCGGCATC"	1157	1161	1639	1225	905	1378	705	1139	1037	1272	821	1295	1266	556	1314	1111
"single_kinases:SPS1:821:nontemplate-Rep-ACGCCAGCG"	2016	2117	3388	2702	1982	2634	2558	2443	1437	2590	1892	1911	2215	1758	2619	2236
"single_kinases:SSK2:-136:template-Act-AAGGCGGAC"	30	34	52	47	5	25	32	18	12	35	24	6	32	24	27	8
"single_kinases:SSK2:-147:template-Act-ACGGCCTCC"	1200	1331	1683	1386	544	872	887	1767	802	825	808	1696	982	1228	973	1372
"single_kinases:SSK2:-166:template-Act-GCCCGCTAC"	481	448	531	454	143	358	302	482	144	453	373	347	387	390	563	269
"single_kinases:SSK2:134:nontemplate-Act-GGCTCCCAC"	142	101	137	164	57	80	41	112	4	127	95	91	86	113	201	68
"single_kinases:SSK2:-8:template-Rep-CCTTCAGGG"	2499	3038	3270	3048	1883	3195	2744	2553	1931	2739	2638	3191	2969	4297	3279	3954
"single_kinases:SSK2:32:nontemplate-Rep-CTTGCATCG"	228	306	285	221	131	198	106	237	230	160	164	95	284	351	319	267
"single_kinases:SSK22:-153:template-Act-GGGTGTTGC"	834	818	1127	1032	498	766	909	658	525	699	1188	627	874	944	778	1119
"single_kinases:SSK22:-242:template-Act-ACGACTCGG"	792	855	872	781	321	602	860	547	447	495	767	823	701	804	760	890
"single_kinases:SSK22:-287:template-Act-CAGCCAAAG"	864	1025	1315	971	438	865	1117	784	797	721	829	958	875	1193	1075	1348
"single_kinases:SSK22:182:nontemplate-Act-GAATTCGGG"	1340	1048	1694	973	1018	932	478	2586	1000	1045	1036	1888	1573	750	1641	614
"single_kinases:SSK22:-61:template-Rep-GGAAGACGG"	438	588	808	594	455	661	684	579	381	543	434	445	546	369	685	472
"single_kinases:SSK22:14:nontemplate-Rep-GGGCCTAAG"	1621	1699	2133	1909	1080	1805	945	2751	975	1706	1373	2053	2065	1481	2583	1808
"single_kinases:STE11:-119:template-Act-GCCAGACGG"	322	348	470	299	137	338	315	281	128	257	332	285	295	276	243	276
"single_kinases:STE11:-142:template-Act-GGCCTCCTC"	7140	8257	10489	11472	8507	8792	10235	7220	6375	8854	9136	8916	8485	12408	10667	19837
"single_kinases:STE11:-232:template-Act-AACGCAGGC"	4	2	13	4	1	8	2	5	3	6	4	12	7	8	3	11
"single_kinases:STE11:129:nontemplate-Act-GCGTCAAGG"	503	539	619	459	115	219	235	521	204	315	208	558	386	392	601	317
"single_kinases:STE11:-14:template-Rep-ATTGCGCCC"	1500	1397	2137	1924	1061	1631	1804	1528	1059	1780	1504	1515	2083	1446	2433	1782
"single_kinases:STE11:18:nontemplate-Rep-GGGTCCTTC"	4355	5321	6722	6591	4231	5615	6681	4513	4770	5813	4849	4643	6194	7930	6415	10114
"single_kinases:STE20:-213:template-Act-CAGTAGCGG"	709	882	1002	1667	1025	812	793	1102	1062	1128	721	1452	747	1015	858	1595
"single_kinases:STE20:-222:template-Act-GACAATCCG"	1167	904	1544	975	632	966	803	1105	712	1160	717	1483	1269	468	1277	423
"single_kinases:STE20:-250:template-Act-GCGACATCG"	4671	5379	6585	6405	3362	5376	3780	6751	4154	5143	3236	9430	5450	4074	6381	5055
"single_kinases:STE20:285:nontemplate-Act-GATGCGATG"	4073	5079	5914	5915	2386	4492	3487	5892	2433	4133	3168	6842	4338	4391	5757	6309
"single_kinases:STE20:-82:template-Rep-TGAGGCCCC"	515	511	774	605	359	1003	576	908	237	610	643	961	806	381	597	568
"single_kinases:STE20:105:nontemplate-Rep-TAGAGCGCC"	1212	1235	1740	1612	847	1452	1512	1829	647	1966	1459	2256	1863	1249	2107	1977
"single_kinases:STE7:-130:template-Act-ATTCCCTGG"	4633	4883	7354	6327	5139	6468	6851	3575	4258	6080	7092	3426	5791	3590	6403	4326
"single_kinases:STE7:-136:template-Act-AGTGGAGGC"	1652	1999	2230	2154	1127	1580	2970	771	1240	1536	2809	655	2193	1513	3004	1709
"single_kinases:STE7:160:nontemplate-Act-TCGGCCATC"	314	306	655	435	256	453	325	463	418	377	644	459	382	37	615	155
"single_kinases:STE7:-41:template-Rep-CAGCGCTAG"	1178	1155	1390	1102	633	967	841	1073	551	866	1040	705	1136	777	1344	1007
"single_kinases:STE7:89:nontemplate-Rep-TACGCGCTG"	4676	5380	6855	6955	4353	5154	5455	4230	4118	5293	4015	4259	5847	6482	5929	8660
"single_kinases:AKL1:248:nontemplate-Act-CGCTCTTCG"	2157	2383	3398	2968	1527	2129	2234	2226	1630	2512	3621	1561	1809	2395	2932	2556
"single_kinases:AKL1:-134:template-Rep-CCCACGCTC"	2173	2314	2905	2489	1551	1679	1506	1702	906	1929	1378	1533	1787	1930	2701	2539
"single_kinases:AKL1:132:nontemplate-Rep-ATGGCCGTC"	5309	4514	5413	5898	4207	4890	7136	6125	4194	5007	6577	6595	9040	8030	7177	11012
"single_kinases:ALK1:-93:template-Act-GACGGCAGC"	6356	6809	8119	8828	5000	7341	7616	10031	5309	6476	6265	9234	8131	8873	9646	12757
"single_kinases:ALK1:-113:template-Act-GCGTGTCCG"	4047	4732	6249	6141	3645	4864	4967	5544	3220	4782	4755	4964	5629	4727	6932	7274
"single_kinases:ALK1:-147:template-Act-GGCTAAGCG"	809	804	1061	782	359	566	554	853	231	610	514	743	786	544	660	554
"single_kinases:ALK1:138:nontemplate-Act-GCCGGGTTC"	383	403	517	555	254	302	489	267	256	333	432	186	353	301	417	434
"single_kinases:ALK1:79:template-Rep-GGTGCCAGG"	1452	1744	1771	2103	913	1676	571	3377	931	1324	1359	3827	1853	1240	1771	1729
"single_kinases:ALK1:-46:nontemplate-Rep-GGCCCTTGC"	660	905	905	899	327	629	637	539	638	680	1006	762	871	932	930	1515
"single_kinases:ALK2:-225:template-Act-CCTGTGCTG"	829	884	1093	1121	501	990	880	800	599	759	764	710	1259	734	1133	877
"single_kinases:ALK2:179:nontemplate-Act-CGCTAGCTG"	18	31	26	15	4	21	15	7	12	13	13	27	11	6	21	7
"single_kinases:ALK2:16:template-Rep-ACAGCCCAG"	1433	1372	1987	1210	543	1321	1007	819	704	1480	1444	907	1369	356	1467	402
"single_kinases:ALK2:36:nontemplate-Rep-CCGACACAC"	8176	10131	12417	15587	9435	11479	13053	9632	9331	11446	13791	10086	11755	16010	13587	22081
"single_kinases:ARK1:-222:template-Act-CGAGAATTG"	2201	2269	3019	2890	1444	1616	1526	1359	1121	1503	1532	1423	1731	1905	1932	2605
"single_kinases:ARK1:-275:template-Act-GCCGATATC"	3878	4663	6216	5498	3192	5423	5138	4163	3726	5581	5025	4020	5696	5252	5948	6255
"single_kinases:ARK1:-294:template-Act-GTCCTCTGG"	1737	1776	2665	2607	956	2135	2053	2261	1029	1814	2033	2100	2213	2025	2211	3456
"single_kinases:ARK1:238:nontemplate-Act-CACCTTCTG"	2308	3228	4040	4284	3367	3890	4462	2665	2510	4054	4251	4168	3245	6036	5456	8482
"single_kinases:ARK1:-124:template-Rep-AGGGGAAAC"	1417	1486	1765	1287	632	1234	1063	1950	710	1210	1267	1226	1678	849	1457	969
"single_kinases:ARK1:130:nontemplate-Rep-GCTCTCACC"	3585	4668	5000	5521	3346	3787	3720	4537	3485	4486	3852	4258	4646	5816	5294	8730
"single_kinases:ATG1:-344:template-Act-GGTCCGGAC"	1231	1474	2004	1706	759	1257	1238	1469	943	1198	1279	1812	1388	1398	1807	1592
"single_kinases:ATG1:-364:template-Act-GCCTCGTTC"	1135	1288	1811	1611	730	934	1016	1153	728	1061	972	1038	821	1126	1301	1269
"single_kinases:ATG1:-374:template-Act-CCGGACACC"	2100	2293	2939	2295	920	2069	1538	2011	1035	1793	2003	2182	2249	2265	2995	3193
"single_kinases:ATG1:283:nontemplate-Act-ACGAGTGGG"	1101	1307	1536	1514	919	1112	1515	1182	1004	1108	1194	1137	1040	900	1820	1586
"single_kinases:ATG1:-103:template-Rep-GGAACGGAG"	97	53	95	35	8	80	28	45	26	62	85	53	66	22	69	17
"single_kinases:ATG1:218:nontemplate-Rep-CACGGTCAG"	41	52	66	34	12	18	25	48	25	48	8	40	32	26	5	17
"single_kinases:BUB1:-133:template-Act-CGTGGTACG"	3942	4833	6348	10167	8014	7038	2179	3372	7368	6827	2318	2138	6557	429	6692	4920
"single_kinases:BUB1:-176:template-Act-TGAGGGAGC"	773	1157	1199	1469	778	945	1198	900	1197	1012	1358	1104	1310	1242	1183	1214
"single_kinases:BUB1:-182:template-Act-CTAGCCTGC"	5145	7078	8351	9068	6538	8238	7495	6027	6108	7230	8927	5915	7344	7742	10188	9076
"single_kinases:BUB1:204:nontemplate-Act-GTAGGTCCG"	1126	1065	1452	1360	932	930	1125	2205	694	1065	1542	2403	916	757	1365	1172
"single_kinases:BUB1:-49:template-Rep-GGAGTGCTG"	3018	3472	3723	2759	1603	2646	3186	3887	1676	2625	3886	4023	3282	1576	3927	1358
"single_kinases:BUB1:32:nontemplate-Rep-GGGTCAAGG"	1263	1212	1680	1245	634	1232	825	946	775	1165	1051	778	1133	789	1090	821
"single_kinases:BUD32:-108:template-Act-CATCCCCTC"	228	163	271	161	136	135	82	35	125	279	65	73	196	2	247	0
"single_kinases:BUD32:-155:template-Act-GCTTTGCCG"	63	49	98	32	1	37	47	48	9	34	28	32	51	9	68	2
"single_kinases:BUD32:-255:template-Act-GGCCAGGAG"	3221	4114	4783	5252	3550	4787	4982	4481	3814	4202	5405	4755	4506	7164	5157	8309
"single_kinases:BUD32:131:nontemplate-Act-TTCCCGGAC"	771	209	258	199	109	172	157	548	96	124	154	531	569	150	201	193
"single_kinases:BUD32:-24:template-Rep-GCAGCAAGG"	78	71	146	97	63	103	37	85	112	73	71	48	72	18	123	15
"single_kinases:BUD32:63:nontemplate-Rep-CTATGGGCG"	627	648	771	638	272	488	656	610	334	606	604	680	727	567	712	406
"single_kinases:CDC5:-441:template-Act-ATCACGGGC"	2471	1709	3424	2058	1256	2126	114	5	1228	2242	191	11	2528	66	3087	75
"single_kinases:CDC5:-448:template-Act-CTCGAGGCC"	1387	1108	1697	1183	566	1137	870	187	523	1032	729	227	1617	121	1299	87
"single_kinases:CDC5:-509:template-Act-CCGTTTCCC"	737	705	743	632	351	520	632	442	247	478	571	426	463	496	600	431
"single_kinases:CDC5:479:nontemplate-Act-GCTCGGTCG"	1709	1898	2226	1862	789	1411	1334	944	619	1584	1253	1244	1613	1030	1574	1107
"single_kinases:CDC5:-323:template-Rep-ACTTGGGGC"	1437	1457	2014	1562	771	1218	1753	1483	1145	1538	1501	1201	1650	879	1367	929
"single_kinases:CDC5:336:nontemplate-Rep-GAGGGATGC"	599	484	692	736	180	502	412	419	177	392	383	294	557	344	480	432
"single_kinases:CDC7:-184:template-Act-ACCGGGCTG"	1128	1005	1445	1212	472	908	328	117	439	1014	221	147	1285	97	1251	201
"single_kinases:CDC7:-199:template-Act-GGGTAGCCC"	5857	5192	7987	7262	5704	9581	5821	2388	5695	8879	4014	2139	8553	832	10166	1135
"single_kinases:CDC7:-233:template-Act-CCGAGACGG"	1827	1859	2258	1764	827	2004	1489	1395	860	1707	1236	1152	2114	1756	2373	1670
"single_kinases:CDC7:206:nontemplate-Act-CCGTGGTCG"	2693	2605	3666	3313	1673	2988	1373	1025	2242	2990	1384	1195	3117	1335	4053	2465
"single_kinases:CDC7:-99:template-Rep-CACACCCCG"	1454	1181	1837	1436	527	1024	741	885	722	1083	1248	753	1283	567	1710	741
"single_kinases:CDC7:111:nontemplate-Rep-GGCCATTCG"	1827	2044	1976	2382	2316	1790	2185	1416	2423	1220	2740	1540	2468	1197	1908	1040
"single_kinases:ELM1:-216:template-Act-CGCCCTAGC"	36	46	76	32	15	43	35	0	122	90	65	27	105	28	33	6
"single_kinases:ELM1:211:nontemplate-Act-CTGGGCAAG"	1713	1692	2254	1780	816	1288	1097	1439	925	981	697	1155	1704	1135	1786	1383
"single_kinases:ELM1:-68:template-Rep-GCGCTTCCC"	788	686	570	527	272	462	598	495	260	417	786	483	792	259	570	163
"single_kinases:ELM1:88:nontemplate-Rep-GGGACTCGG"	2339	2247	3574	2431	1590	2425	2078	1393	1435	2252	1279	1206	2428	458	3131	857
"single_kinases:FMP48:-106:template-Act-ACGCCTTCC"	2817	2884	4531	3301	2090	3180	1352	5601	2224	3328	1714	5428	3228	2005	3573	2352
"single_kinases:FMP48:170:nontemplate-Act-CATGGCACG"	152	179	224	186	71	76	106	137	98	104	139	243	129	153	94	148
"single_kinases:FMP48:32:template-Rep-CCGGCATTC"	2115	1973	2858	2148	1172	2222	1534	2103	1288	2061	1614	2664	2368	1549	2900	1671
"single_kinases:FMP48:-74:nontemplate-Rep-GTTGCATGC"	1952	2219	2776	2472	1407	2256	2494	1742	1529	1986	1794	2102	2726	2187	2889	1833
"single_kinases:GCN2:-125:template-Act-GCTTGACCC"	302	402	400	304	153	259	160	289	104	297	349	348	446	244	433	256
"single_kinases:GCN2:206:nontemplate-Act-ACGCCCAAG"	245	194	238	167	47	134	168	207	78	119	104	175	205	153	181	145
"single_kinases:GCN2:82:template-Rep-TTGCGTGCC"	2159	2242	2862	2433	1232	1812	1632	2267	935	1799	2075	1945	2471	1595	2127	2205
"single_kinases:GCN2:29:nontemplate-Rep-CGGTGGATC"	1224	1480	2052	1894	656	1447	937	1167	985	1247	1023	913	1617	1430	1539	1896
"single_kinases:HAL5:-303:template-Act-CCTCAAAGG"	1869	1805	2349	1916	970	1645	800	2173	980	1931	1321	2957	1702	1034	1520	1188
"single_kinases:HAL5:-325:template-Act-CAAACGGAG"	2057	2069	3307	3192	1651	2909	2039	3720	1533	2989	1724	3018	2801	1809	3085	2741
"single_kinases:HAL5:-367:template-Act-GTTTCCTCG"	3548	2574	5355	3419	2639	4103	2326	1808	2414	4200	3541	1964	4311	290	4475	389
"single_kinases:HAL5:315:nontemplate-Act-CGCAAAACC"	793	872	835	663	296	676	473	660	414	605	825	695	577	603	672	527
"single_kinases:HAL5:-159:template-Rep-TTCTGCCCC"	38	44	42	55	30	24	17	60	5	1	7	14	28	17	53	7
"single_kinases:HAL5:178:nontemplate-Rep-CCCTAACGG"	5773	4995	7850	6286	4479	6466	2364	15551	5036	6269	3092	20195	7235	2186	6703	3800
"single_kinases:HRK1:-487:template-Act-TTGTGGGCG"	3611	3932	4898	4658	4452	3879	5102	8919	4810	3112	6856	12370	3810	3503	4674	5264
"single_kinases:HRK1:502:nontemplate-Act-TCGAATCCG"	789	835	987	772	224	706	192	3003	385	759	134	2996	800	494	817	673
"single_kinases:HRK1:-165:template-Rep-GTGAAGCGG"	300	258	322	142	68	175	79	452	93	178	52	667	153	116	178	137
"single_kinases:HRK1:397:nontemplate-Rep-ATCGCCTCG"	460	529	636	793	283	526	497	959	463	472	274	763	776	445	723	392
"single_kinases:IKS1:-267:template-Act-GGTGTTCAG"	3225	4196	5241	5642	3739	4829	4635	4725	2831	4503	4517	5218	4382	5267	4978	7609
"single_kinases:IKS1:-275:template-Act-ATGCATCGC"	551	394	723	551	898	667	243	1699	665	543	556	1149	596	178	722	248
"single_kinases:IKS1:-278:template-Act-ACGACCCTC"	452	524	759	624	285	436	164	612	347	485	223	486	664	427	678	532
"single_kinases:IKS1:229:nontemplate-Act-CTCCCGAAC"	130	84	83	49	4	28	7	91	55	87	9	103	90	43	62	12
"single_kinases:IKS1:-59:template-Rep-CCTTCATCG"	2789	3227	4120	4086	1924	2847	866	7431	1929	2886	1327	7145	2894	2946	3664	3833
"single_kinases:IKS1:56:nontemplate-Rep-CAATGCGAC"	2670	2853	3392	2811	1177	2301	995	4568	1351	2426	1581	6002	3101	2830	2896	3593
"single_kinases:IPL1:207:nontemplate-Act-TTCGCGCAG"	1913	2297	2767	2965	1479	2490	2374	2249	1664	1964	1986	2161	2514	2993	3187	4302
"single_kinases:IPL1:-107:template-Rep-GGACCTGGC"	1105	492	1297	470	507	732	31	3	827	1045	39	38	1059	4	1277	1
"single_kinases:IPL1:107:nontemplate-Rep-CCCCAAGTC"	2651	1405	3974	1774	2732	3484	1359	648	2507	3520	1176	658	3587	137	3991	100
"single_kinases:IRE1:-335:template-Act-CCACCCCAC"	3084	3570	4508	4556	2428	3608	929	1171	2424	3527	1562	1225	3748	3944	4054	4681
"single_kinases:IRE1:-353:template-Act-CTTTCGCAG"	525	450	626	493	176	349	164	278	111	411	124	252	559	263	499	277
"single_kinases:IRE1:-386:template-Act-CGTTGTGGC"	1974	2113	2617	1918	710	1568	454	986	840	1459	761	871	1753	1126	1951	1398
"single_kinases:IRE1:345:nontemplate-Act-ATGGCCAAG"	2470	2120	3633	3193	2265	2503	278	746	2727	2613	425	877	3433	342	3075	397
"single_kinases:IRE1:-248:template-Rep-AAGACCCGG"	191	195	255	169	97	97	96	119	102	160	25	61	114	60	174	127
"single_kinases:IRE1:237:nontemplate-Rep-CGTCATCGC"	2345	2650	3557	3153	1425	2698	2920	2679	1310	2396	2441	2263	2453	3089	2947	4284
"single_kinases:ISR1:-148:template-Act-CGTCGTCAC"	1352	1490	2159	1926	1205	2392	1609	2554	1191	1842	1654	2843	2075	1339	1934	1432
"single_kinases:ISR1:-201:template-Act-TCCGGTGGC"	1291	1441	1416	1216	496	909	1151	971	483	1008	958	1033	1201	1475	1194	1594
"single_kinases:ISR1:171:nontemplate-Act-CGACGATGC"	9	1	11	27	6	0	21	0	0	1	0	14	1	10	6	16
"single_kinases:ISR1:36:template-Rep-CCCAGCAAC"	288	293	514	565	364	468	542	519	392	323	769	483	364	427	686	631
"single_kinases:ISR1:-12:nontemplate-Rep-CCCTGGCAG"	1475	1983	2770	2887	1815	2312	3053	2134	2118	2602	3209	2334	1933	2015	3362	4523
"single_kinases:KIN3:-125:template-Act-GAACCCCCC"	2953	3603	4202	3648	1684	2844	2760	2578	1875	2345	2736	2543	2924	3275	3568	3957
"single_kinases:KIN3:-184:template-Act-CGGAAGGAC"	2044	2257	3257	3175	1788	2801	2560	2474	2309	2489	2332	1564	2556	2842	3310	4015
"single_kinases:KIN3:-201:template-Act-GTTGTGGGC"	4207	3932	6135	5034	4252	5094	6155	2471	3978	4803	5190	2355	5646	3371	6667	4487
"single_kinases:KIN3:135:nontemplate-Act-CTCCTCGCG"	89	110	138	90	49	59	45	17	92	27	51	25	59	46	84	84
"single_kinases:KIN3:52:template-Rep-TGATCGGCG"	674	780	1111	1160	1195	1190	903	955	997	1443	1601	1105	945	1181	1408	2468
"single_kinases:KIN3:-20:nontemplate-Rep-AACTGCCCC"	3947	4394	5780	5991	2865	4500	4537	4169	3585	5070	4300	3569	5092	5583	6231	8609
"single_kinases:KKQ8:-109:template-Act-AAACCGCGC"	2029	2447	3285	3158	2209	2256	2499	1447	2103	2743	2527	2357	2359	2161	3721	2904
"single_kinases:KKQ8:-137:template-Act-CGGCATGAC"	1113	1177	1530	1214	437	1038	720	692	519	968	763	674	1002	1013	1302	984
"single_kinases:KKQ8:-172:template-Act-CAACCCCTG"	1494	1138	1746	1096	599	1057	869	511	472	1028	939	644	1249	291	1536	294
"single_kinases:KKQ8:107:nontemplate-Act-TGGCTCCCG"	966	1005	1449	1130	565	935	405	1543	500	759	540	1786	743	437	892	575
"single_kinases:KKQ8:4:template-Rep-AATGCGACG"	0	0	0	0	0	0	0	0	0	1	0	0	0	0	0	0
"single_kinases:KKQ8:-33:nontemplate-Rep-CCTCGGCAC"	7473	7390	11125	10726	6929	8937	9004	8199	7026	8936	9691	6449	10883	9498	10196	11768
"single_kinases:KSP1:-848:template-Rep-TCTGCACCC"	3307	3501	4984	5164	2979	3127	4118	2500	5525	4061	5988	2541	3663	4514	4133	5825
"single_kinases:KSP1:848:nontemplate-Rep-GCCTAGCCC"	567	653	810	766	627	609	931	269	412	549	1068	456	650	916	834	460
"single_kinases:MPS1:-283:template-Act-ACGCCTTGC"	414	463	525	525	187	395	209	547	172	342	270	474	368	555	282	695
"single_kinases:MPS1:-310:template-Act-GAAACGGGC"	2226	2208	2251	2096	1282	1666	2670	2989	1238	1867	3472	3232	2282	679	2455	748
"single_kinases:MPS1:275:nontemplate-Act-CGTCAGCGG"	333	306	449	393	156	348	531	317	199	295	424	124	591	282	508	393
"single_kinases:MPS1:-177:template-Rep-CGGTCGTCC"	1101	856	1654	1216	1730	1041	1772	604	1550	1477	1847	437	1326	137	1420	220
"single_kinases:MPS1:217:nontemplate-Rep-CCGGGTGAG"	1662	220	2723	1029	1758	2238	71	6	1427	2389	53	7	2496	92	3027	688
"single_kinases:NPR1:-326:template-Act-CACTGACGG"	702	682	841	727	835	781	760	568	907	560	2166	445	668	400	709	437
"single_kinases:NPR1:-415:template-Act-GCTCCACAC"	841	821	1016	804	283	614	457	625	324	619	467	449	701	428	610	402
"single_kinases:NPR1:-198:template-Rep-ACTGCCGTC"	1042	1060	1740	1592	1115	1003	945	1064	1303	1627	1187	852	1360	1467	1504	1809
"single_kinases:NPR1:216:nontemplate-Rep-TCGTGTGGC"	1905	2122	2638	3117	2806	2276	2595	2390	1847	1873	2502	1865	2263	3133	3846	5320
"single_kinases:PRK1:-246:template-Act-CAGCCTGCC"	55	28	60	29	32	26	11	36	7	29	19	15	38	4	50	6
"single_kinases:PRK1:-276:template-Act-TCGGCAACC"	2033	1940	2349	1749	614	1802	1356	1768	866	1660	1510	1677	1789	1294	1757	1489
"single_kinases:PRK1:369:nontemplate-Act-ATAGGCGCG"	1158	1182	1753	1340	722	1272	897	743	821	911	930	706	1184	602	959	902
"single_kinases:PRK1:-162:template-Rep-TGTTGGGCG"	0	0	0	0	0	0	0	0	0	0	0	0	0	0	0	0
"single_kinases:PRK1:171:nontemplate-Rep-GCCATGGAC"	3892	4572	5674	7495	4861	5534	4539	4975	4435	4860	5029	5272	5504	6627	5431	11063
"single_kinases:PRR2:-257:template-Act-GGTTCATGG"	4248	4970	5642	6465	3850	5665	4478	4741	3386	6305	5840	4513	5331	5203	6186	7651
"single_kinases:PRR2:-327:template-Act-CCGATGCAC"	3598	4596	5263	5830	4235	4919	5283	4525	4080	4947	5115	4059	4686	6018	5824	7981
"single_kinases:PRR2:-336:template-Act-GCCACCATG"	660	802	865	768	433	444	595	520	321	447	329	656	591	670	566	866
"single_kinases:PRR2:271:nontemplate-Act-GACGGACCC"	0	0	0	0	0	0	0	0	0	0	0	0	0	0	0	0
"single_kinases:PRR2:-173:template-Rep-CGTCGTACG"	700	582	729	456	233	385	299	458	162	558	418	540	453	265	513	302
"single_kinases:PRR2:109:nontemplate-Rep-ACGCCAACG"	648	669	803	608	205	602	293	559	346	585	458	847	361	301	445	386
"single_kinases:PTK1:-390:template-Act-CCATCCACC"	1103	899	1484	976	553	1072	878	528	556	939	709	486	1154	275	1183	361
"single_kinases:PTK1:-401:template-Act-GCACAGTCC"	1453	1376	2229	2128	2015	2194	2323	1494	1348	1465	2249	1212	1703	1273	2426	2503
"single_kinases:PTK1:-406:template-Act-TGGGCTCCC"	2608	3497	4511	4925	3365	4199	3908	3378	4157	4222	4496	3734	4366	5208	6289	6824
"single_kinases:PTK1:432:nontemplate-Act-CCGTACGAG"	2027	947	1250	1288	841	1003	938	2774	679	693	1086	1719	2305	549	1337	1097
"single_kinases:PTK1:-310:template-Rep-GATCAGGGG"	666	791	824	1025	509	468	497	668	401	505	475	476	764	848	836	1028
"single_kinases:PTK1:314:nontemplate-Rep-CTGTGAGCG"	3053	3370	4881	4417	2723	4231	4498	2926	2738	3922	3739	2931	3274	3560	5372	4830
"single_kinases:PTK2:-139:template-Act-CACTCCAGG"	263	243	403	350	174	269	312	1092	315	260	89	960	347	138	448	234
"single_kinases:PTK2:-149:template-Act-CGAGAGGAC"	5489	5233	7393	5451	3719	5235	4296	14018	3722	6221	3488	15387	5639	1977	6646	2412
"single_kinases:PTK2:-156:template-Act-AAGCAGTCG"	1198	960	1511	935	534	1107	497	3261	678	768	367	3868	1243	341	1097	428
"single_kinases:PTK2:160:nontemplate-Act-GCGCTAGAC"	5937	5703	8730	7693	6458	7664	8057	8723	4611	7959	6685	6516	8084	4400	9004	5779
"single_kinases:PTK2:-58:template-Rep-CACAAACGG"	627	620	878	1010	1254	730	1497	645	528	763	1415	772	830	1112	842	1378
"single_kinases:PTK2:63:nontemplate-Rep-CGTGAGTTG"	2394	2767	3584	3458	1948	2715	2849	2723	1519	2361	3016	2523	2599	3133	3689	3601
"single_kinases:RTK1:-277:template-Act-TGCCCGCTC"	831	1050	1274	1286	739	882	895	1034	639	743	845	1137	656	926	899	1224
"single_kinases:RTK1:-294:template-Act-CACCGAGGG"	1766	2122	2703	2730	1583	2694	1583	2333	1516	2512	1795	1915	2762	1452	2662	1712
"single_kinases:RTK1:-307:template-Act-CCTTGTCCG"	3869	4357	5539	5872	1929	3795	3534	8996	3049	3913	3714	5254	4479	5661	5478	7555
"single_kinases:RTK1:345:nontemplate-Act-AGGTGCCGC"	2079	2014	2568	1831	941	1654	1493	1592	965	1673	1832	1453	1870	1543	1997	1689
"single_kinases:RTK1:-197:template-Rep-CCTCTGCGC"	2067	2320	2930	2394	1337	2660	2540	3595	1908	2423	2642	2140	2828	2681	3603	2973
"single_kinases:RTK1:209:nontemplate-Rep-AGCCCACGG"	1660	1835	2228	2103	2459	1666	3867	2389	2993	1548	5521	2060	2182	2407	2554	2745
"single_kinases:SAK1:-712:template-Act-AACCTTGCG"	3924	4791	5866	5799	2696	5026	4643	5178	3007	5236	4187	5462	4950	6154	5860	7982
"single_kinases:SAK1:-727:template-Act-ATGCCTGCC"	1973	1586	2586	1607	1097	2021	1435	2251	1080	1841	2044	1981	1995	488	2390	557
"single_kinases:SAK1:705:nontemplate-Act-CACCACACG"	2319	2748	3760	3782	2495	3454	3193	2052	1882	3069	2498	2743	2812	3260	3863	5138
"single_kinases:SAK1:-546:template-Rep-TGTCCCGGC"	2964	3429	4566	4534	2702	3291	3364	2671	2835	3106	3377	3252	3783	4018	4324	4980
"single_kinases:SAK1:489:nontemplate-Rep-GCTCGACCC"	1151	1144	1617	1572	823	1183	930	1172	1002	1320	1295	1289	1590	1241	1825	1324
"single_kinases:SAT4:-563:template-Act-GTAGGGGCG"	58	35	72	52	7	23	2	144	45	60	0	24	45	11	74	33
"single_kinases:SAT4:-590:template-Act-GTGCCAGTG"	872	610	1345	639	459	799	394	728	322	637	483	635	1049	221	1005	328
"single_kinases:SAT4:-603:template-Act-ATGCCCAGG"	118	121	207	189	37	120	47	185	113	81	64	286	192	113	168	247
"single_kinases:SAT4:595:nontemplate-Act-GCGAACACG"	348	403	542	524	275	527	167	706	536	369	196	722	457	349	552	489
"single_kinases:SAT4:-466:template-Rep-CTGGGGCAG"	115	101	203	103	49	97	92	148	105	132	220	146	170	107	129	71
"single_kinases:SAT4:510:nontemplate-Rep-GCTAGGGCC"	280	254	260	145	47	208	174	495	94	293	121	421	447	191	257	183
"single_kinases:SCY1:-152:template-Act-GACCGCTTC"	156	124	184	128	34	50	38	100	19	71	37	75	74	89	76	40
"single_kinases:SCY1:-182:template-Act-GCACCGTAC"	175	182	202	187	53	36	138	261	48	157	21	139	283	27	243	77
"single_kinases:SCY1:-212:template-Act-GTGTGTCGG"	436	459	523	375	122	245	204	285	173	242	267	311	286	346	320	252
"single_kinases:SCY1:310:nontemplate-Act-GCAGAGAGC"	95	142	167	146	64	79	113	85	63	115	49	84	98	99	178	98
"single_kinases:SCY1:-29:template-Rep-CCGACTGGC"	367	391	425	432	24	726	66	842	101	631	79	686	184	70	206	224
"single_kinases:SCY1:-13:nontemplate-Rep-GAAGGAGGC"	2760	3256	4215	4553	3044	3461	4570	3005	2518	3490	4064	3116	3686	5773	5072	7305
"single_kinases:SKS1:-239:template-Act-CGGCATGAC"	4244	4539	6219	5981	4198	5444	7904	4915	4028	5062	8074	4751	5279	6203	6369	9037
"single_kinases:SKS1:-264:template-Act-TGCTGTGGC"	4137	4328	6021	6377	3734	6327	7302	5431	3071	5924	7812	5263	5461	6879	7661	9547
"single_kinases:SKS1:-280:template-Act-GCATAACCG"	2889	2876	4098	3262	1906	2810	3475	2738	1918	3099	3622	2356	3139	2177	3558	2448
"single_kinases:SKS1:168:nontemplate-Act-CTATGCCGG"	662	668	837	645	325	528	484	718	518	715	779	695	709	356	573	463
"single_kinases:SKS1:-61:template-Rep-TAAGCGCGC"	1549	1389	2001	1602	1094	1614	1818	718	1222	1633	3528	483	1835	651	2654	881
"single_kinases:SKS1:70:nontemplate-Rep-GGAAAGCGC"	297	366	452	590	182	349	374	308	198	271	352	180	435	512	334	394
"single_kinases:SWE1:-190:template-Act-AGGGACCAC"	3707	4560	6135	5741	2462	4316	2110	10486	3245	4892	3832	7013	5737	3427	5567	4365
"single_kinases:SWE1:-221:template-Act-TGGGTACCG"	547	627	773	767	578	681	689	1541	520	681	838	910	733	291	871	621
"single_kinases:SWE1:277:nontemplate-Act-CAACCGTGC"	2773	3264	4051	4022	2552	3703	3701	4214	2253	3739	3424	4050	3662	3646	4033	5112
"single_kinases:SWE1:-81:template-Rep-CCGCACTAG"	79	56	102	65	58	34	28	65	31	47	77	74	39	31	50	35
"single_kinases:SWE1:121:nontemplate-Rep-AAACGGCTG"	1000	1227	1393	2098	1633	1003	1991	1522	1375	1183	1053	1112	1259	1828	1271	2573
"single_kinases:TOS3:-174:template-Act-GAGGTATGC"	1556	1816	2581	2814	1436	2178	1665	1848	1455	1971	1630	1804	2001	1916	2269	3122
"single_kinases:TOS3:-192:template-Act-TGCATGAGC"	2564	3161	3947	3698	2641	4024	4029	3320	2469	3017	3970	3406	3073	5466	4012	6329
"single_kinases:TOS3:-239:template-Act-GACATACGG"	2008	2204	3062	2931	1325	2151	1704	2663	1058	1781	1389	2660	2128	2229	3046	3663
"single_kinases:TOS3:211:nontemplate-Act-GATCGCAAC"	1160	1359	1612	1519	773	1253	1158	1461	892	954	1039	1197	1356	1232	1385	1776
"single_kinases:TOS3:-91:template-Rep-GTGTCAGCG"	971	1221	1559	1691	786	1154	1004	1126	857	980	873	1254	1077	932	949	1609
"single_kinases:TOS3:76:nontemplate-Rep-CTGAGGGAG"	8	6	9	3	8	4	6	0	2	8	3	1	9	4	19	21
"single_kinases:VHS1:-454:template-Act-CTTGCCGAG"	1264	1364	1921	2493	1579	1367	2375	1720	1386	1689	1973	1413	1648	1656	2109	3439
"single_kinases:VHS1:-465:template-Act-GCAACTTTG"	1791	1863	2510	2252	1283	2030	3179	1234	1390	1499	2961	1352	1861	2145	2579	2432
"single_kinases:VHS1:-506:template-Act-TGGGGACTC"	4253	5492	6840	7720	7285	7302	9961	7142	6669	7238	8127	6837	6742	8241	7679	11286
"single_kinases:VHS1:476:nontemplate-Act-ACGCGTCAG"	5243	6595	8783	9956	8501	9921	10839	9124	8576	8907	10156	7773	7849	10881	10347	15641
"single_kinases:VHS1:-386:template-Rep-GACGTACGC"	3914	4428	5636	5892	5376	4730	7103	4056	4500	3652	9249	3886	5813	6499	5586	8407
"single_kinases:VHS1:373:nontemplate-Rep-GGAAGCAGC"	1293	1277	1891	1404	1157	1467	1358	1218	958	1623	1297	890	1623	964	1502	1187
"single_kinases:VPS15:-144:template-Act-CCGGTCCTG"	3803	4341	5283	4860	2837	4291	1334	1073	3186	4318	1280	935	4763	960	5130	1061
"single_kinases:VPS15:-216:template-Act-GGTCATTGG"	2386	2587	3331	2590	1340	1861	2148	3783	1430	1927	2161	2423	2536	2433	3193	2972
"single_kinases:VPS15:-272:template-Act-GGCAATGTG"	2440	3125	4935	5160	2933	4343	3905	3515	2244	3714	3921	3443	2953	3766	4823	7562
"single_kinases:VPS15:220:nontemplate-Act-TCCGTGGGC"	189	147	155	83	22	93	125	67	48	99	120	94	189	133	85	114
"single_kinases:VPS15:-48:template-Rep-AGAGTCGCC"	353	397	446	380	207	331	278	260	296	289	182	179	318	260	332	335
"single_kinases:VPS15:-26:nontemplate-Rep-TACACGCGC"	3323	4241	6003	6645	4191	5646	4055	4980	3877	5376	4335	4712	4990	4877	7045	8995
"wtNoGuideCTR^inKinlibrary:wt^inKinlibrary:0:noTarget-noMode-noGuideCtr"	15445	18348	20356	29659	12302	11828	16897	15539	13704	12099	16814	16904	13420	17617	15625	30654
